revised_movement_label,segBoundary_start,segBoundary_end,frame_length,average_speed,average_back_height
sniffing,0,26,26,42.80593244785667,26.880508529699938
left_turning,27,109,82,98.66730182777002,28.080613008444065
walking,110,130,20,118.57029272901114,25.525101979603317
left_turning,131,226,95,107.42069331081734,29.212081674625537
walking,227,286,59,129.00481110047403,27.591104967414587
left_turning,287,398,111,112.75419379013793,26.973097953025313
sniffing,399,419,20,30.34958917302426,28.899416482955665
walking,420,585,165,167.5439363615449,31.09185847919592
sniffing,586,642,56,20.85480174933104,28.37117044738684
climbing,643,665,22,48.557997516196494,50.44175680884337
walking,666,705,39,145.72801109683448,33.83843424217453
rising,706,715,9,75.64550396148957,36.392999639253446
climbing,716,750,34,61.564364680836015,45.54222634414946
left_turning,751,785,34,82.74016242129264,30.144002701452376
trotting,786,816,30,221.45715372211444,28.233355119590513
sniffing,817,836,19,45.9114647890678,34.793711901068285
walking,837,875,38,191.84916503138882,28.526267733440463
rising,876,887,11,82.39365615925182,33.05867803342022
climbing,888,927,39,39.38642874055266,39.449874949359824
sniffing,928,966,38,18.069318352650086,30.77371170027349
right_turning,967,982,15,101.81515904962376,30.969714243136604
walking,983,1039,56,148.8424494749405,27.208885846941225
sniffing,1040,1126,86,67.44005935287437,28.82018020785839
climbing,1127,1156,29,49.90407682062697,46.460530704274326
sniffing,1157,1208,51,41.33167442211144,32.453152094937224
walking,1209,1259,50,174.25669444503953,30.61622718855773
sniffing,1260,1295,35,63.44485681557913,30.278845943930175
left_turning,1296,1343,47,94.21685739022045,27.139390452818162
walking,1344,1359,15,66.46761459243851,31.539603120829803
sniffing,1360,1407,47,30.02940270030837,26.861728001883687
rising,1408,1414,6,38.86278712395316,41.8940562363637
climbing,1415,1438,23,39.414736048822434,50.586217818801344
sniffing,1439,1452,13,21.135384265596183,29.823236478340636
left_turning,1453,1504,51,103.67495237249402,34.25608922823267
walking,1505,1562,57,174.51813464576932,30.657384557694364
climbing,1563,1593,30,44.60197617890705,42.14074514341278
right_turning,1594,1600,6,111.54449273051782,30.138816782070766
walking,1601,1683,82,172.421484109711,30.23363493713518
sniffing,1684,1729,45,27.722395635640716,29.037918775109198
climbing,1730,1773,43,50.8391419851722,51.57697685315349
right_turning,1774,1791,17,93.12814243856636,30.928968188512588
walking,1792,1843,51,144.8474794539271,31.669965471607743
stepping,1844,1891,47,72.71153495281447,28.238944631649662
walking,1892,1910,18,119.41335996913415,35.39216021766508
stepping,1911,1941,30,107.5855729282585,36.48416411127044
right_turning,1942,1948,6,116.39670358530815,34.483970877489995
walking,1949,2004,55,207.17457957663538,32.725521905093096
left_turning,2005,2031,26,117.78808157104838,31.410206343567186
sniffing,2032,2064,32,24.098764957679347,29.210015578159854
climbing,2065,2087,22,63.602642159130504,51.67559238298572
left_turning,2088,2131,43,107.23286543225473,35.687643437091076
walking,2132,2179,47,113.50515575355325,33.26102884180769
sniffing,2180,2217,37,40.91017851076676,31.084113277342613
walking,2218,2232,14,176.24641987891167,35.20387708408725
sniffing,2233,2262,29,33.11499562286971,32.86293543943676
left_turning,2263,2313,50,132.12457181837885,35.196012279273916
sniffing,2314,2411,97,27.0242915025445,27.625157583755556
walking,2412,2453,41,152.79492394944737,34.30640938470487
right_turning,2454,2475,21,58.633259829191566,32.870021015287115
climbing,2476,2510,34,54.18275956864801,46.56076991344667
walking,2511,2525,14,111.49735406877689,32.48073725141542
stepping,2526,2548,22,43.462853760932106,29.009749012077478
walking,2549,2593,44,166.83783369449267,32.638794345212546
sniffing,2594,2712,118,37.71200797842371,29.56177820366908
stepping,2713,2761,48,56.63008069372714,32.557048775249335
sniffing,2762,2810,48,111.1046846072226,33.63624628009657
hunching,2811,2819,8,39.18736331597589,37.8746536095692
climbing,2820,2874,54,29.61710305018878,51.18921497668092
rising,2875,2881,6,28.20920780796076,34.93455916649787
sniffing,2882,2930,48,46.006499664733504,33.989419822182036
grooming,2931,2935,4,68.82883966730373,34.36973223981738
sniffing,2936,2995,59,37.796824062123626,29.606152457569348
left_turning,2996,3048,52,127.59614267222398,33.97334804126565
walking,3049,3070,21,139.19016892559344,35.84363140858373
sniffing,3071,3087,16,86.2665575111123,36.02888970591452
climbing,3088,3117,29,72.91314108980347,53.06475468701332
left_turning,3118,3170,52,134.04301368155208,35.14142170442243
rising,3171,3210,39,39.22568615077962,46.58667070446717
sniffing,3211,3238,27,44.09851895280509,29.65063684585436
right_turning,3239,3256,17,127.46909644176633,34.32142856458638
walking,3257,3395,138,148.81348409677645,31.307586918054877
sniffing,3396,3421,25,35.881863004554845,27.321885459348323
rising,3422,3465,43,25.61005037341356,38.420459425094464
sniffing,3466,3498,32,22.14676521270764,25.93884278276515
right_turning,3499,3533,34,54.125897378890045,31.47593571001367
left_turning,3534,3594,60,109.92910949771687,29.912268890023284
sniffing,3595,3624,29,48.190769676602216,30.60401045154045
left_turning,3625,3657,32,136.62519720750691,27.1860068314237
stepping,3658,3685,27,54.44763959637004,29.33701093643985
rising,3686,3718,32,28.688130431402527,38.219754860887214
climbing,3719,3766,47,40.86399227141476,59.40745944417082
sniffing,3767,3811,44,25.582518745309894,27.822191419142868
climbing,3812,3835,23,52.36232624989583,49.21377814450472
trotting,3836,3914,78,225.90190755974098,34.63620510577784
walking,3915,3945,30,122.38030432884754,32.05839887251443
left_turning,3946,3980,34,103.75388345897308,29.27487567846567
sniffing,3981,4017,36,15.407092018666141,23.71169683615091
rising,4018,4039,21,40.30303644324635,41.57897644556435
climbing,4040,4086,46,41.902338998924286,52.78063947994869
sniffing,4087,4112,25,29.3657483277795,24.821158137199227
walking,4113,4171,58,167.97640391113427,33.04875332831911
stepping,4172,4205,33,127.3341190817531,32.54361573582414
sniffing,4206,4235,29,19.237919659750272,32.95823831136486
rising,4236,4270,34,56.7947386958843,37.42696837113407
climbing,4271,4315,44,41.70467667346761,53.580038784868194
sniffing,4316,4342,26,36.648486913793924,33.79777914525769
left_turning,4343,4395,52,104.52616542241101,38.55692577434105
walking,4396,4453,57,211.47876300816338,33.24665597826988
left_turning,4454,4504,50,122.75229016650562,29.844097494778108
sniffing,4505,4552,47,31.310286362031892,27.096006148091956
climbing,4553,4627,74,47.74434076804852,40.64948467929131
right_turning,4628,4634,6,201.8345082428834,38.429796579899275
walking,4635,4687,52,189.9112892839465,32.19359584427542
right_turning,4688,4696,8,94.58669807164743,31.098487823079626
left_turning,4697,4707,10,115.17292948586113,30.737265854226653
sniffing,4708,4754,46,33.706091261656596,28.521357557626825
climbing,4755,4798,43,39.998067143350404,54.07883743195114
sniffing,4799,4868,69,23.600360164160026,30.057740215223664
climbing,4869,4923,54,42.87172498830621,45.97108995897295
right_turning,4924,4933,9,66.43901463585848,35.95046802623491
walking,4934,5087,153,176.74049113517037,33.67983804183547
sniffing,5088,5148,60,46.87448761977917,29.45377874436197
climbing,5149,5181,32,43.864227511415656,47.45040429456412
sniffing,5182,5283,101,51.78193096675144,33.26218484274659
stepping,5284,5328,44,59.621472511617334,31.280591175671262
walking,5329,5369,40,189.5797967222387,31.3333124436639
rising,5370,5395,25,24.73184729816588,31.440792576469246
climbing,5396,5424,28,43.65415498865854,43.71210873465548
left_turning,5425,5438,13,138.7489826503492,38.04665963933261
rising,5439,5477,38,41.06305344836718,38.24628492329492
climbing,5478,5523,45,33.722775613840035,40.07611804950124
sniffing,5524,5631,107,22.92918277481663,33.21202041476392
stepping,5632,5670,38,97.86601815710651,37.415265117310426
climbing,5671,5708,37,42.944955751513234,52.868314320641865
left_turning,5709,5728,19,99.22720162502276,30.671707182964894
rising,5729,5744,15,37.38978044805012,42.05895280768134
climbing,5745,5790,45,62.41152817140775,51.599052278134046
walking,5791,5853,62,97.88945645200906,39.180600019026315
climbing,5854,5887,33,26.473215067175165,44.72467629294471
walking,5888,5948,60,160.4342162726516,35.3085933352098
climbing,5949,5986,37,58.05533167895494,52.40282410165985
left_turning,5987,6012,25,174.8575197562777,35.2556147684805
rising,6013,6022,9,45.70225992891236,34.805831443702246
climbing,6023,6071,48,32.818592716491644,41.62678834345746
walking,6072,6123,51,167.3278286570388,34.817130507339
rising,6124,6133,9,88.23316798608529,35.42877090286032
climbing,6134,6165,31,38.553908599160906,49.31529050219976
sniffing,6166,6276,110,42.68173675210631,32.647772504562575
left_turning,6277,6326,49,131.35605121475794,30.798468840812752
stepping,6327,6367,40,90.44734850847168,31.535788070028868
walking,6368,6421,53,202.9734757865362,29.239980743807333
rising,6422,6441,19,57.974749701383914,33.61360120094151
sniffing,6442,6483,41,37.60455516860109,28.067166975815045
climbing,6484,6547,63,18.981422592069666,37.024077622781135
rising,6548,6587,39,33.382680924934526,33.59633716848009
right_turning,6588,6595,7,172.1884635685903,38.68079612372109
walking,6596,6610,14,141.71459637890712,35.23136453302617
sniffing,6611,6658,47,63.013737504312985,30.05500595168442
right_turning,6659,6663,4,168.99109680387113,31.830457728829725
walking,6664,6761,97,182.2386128288537,32.526564943709104
sniffing,6762,6801,39,38.141432649215545,29.468205839843733
rising,6802,6844,42,34.37559593869374,41.66613999965463
sniffing,6845,6899,54,34.66034831556964,30.604727503754557
right_turning,6900,6909,9,125.3148802630795,33.07525998265191
walking,6910,6994,84,144.85812860260108,31.125061493553495
right_turning,6995,7024,29,56.12383302604638,29.35834049183046
walking,7025,7094,69,163.617000185206,32.987657735805215
sniffing,7095,7125,30,21.76071992742568,28.91216003832099
climbing,7126,7179,53,41.55730803370957,54.88236359857165
rearing,7180,7185,5,75.50079053366346,45.47944158552202
left_turning,7186,7195,9,109.34344380262107,37.52939032424409
rising,7196,7212,16,73.80751853407747,43.027487698515436
climbing,7213,7247,34,42.529160612596925,52.694630883224
sniffing,7248,7282,34,25.625636014675063,35.819144669986514
walking,7283,7325,42,74.4268154785568,36.602973907628595
running,7326,7373,47,293.0276596909775,33.23487913176975
stepping,7374,7390,16,123.65747349529545,37.32760916969818
trotting,7391,7396,5,215.5059607113146,30.66842674316823
sniffing,7397,7441,44,33.005259113991215,31.802244546902266
rearing,7442,7484,42,35.59025328815549,44.077528909588274
trotting,7485,7530,45,237.3487005171658,35.03433259057094
rising,7531,7567,36,43.016984608192125,30.91475850089855
climbing,7568,7597,29,72.72326983847127,38.97017386685316
trotting,7598,7602,4,270.6487760445804,37.82808728674257
walking,7603,7648,45,171.81990889382706,37.07752694155476
climbing,7649,7685,36,46.78918819176859,52.220421959642906
sniffing,7686,7716,30,28.298114914615006,29.66701887442833
stepping,7717,7726,9,120.60886115069309,35.98661015632482
trotting,7727,7736,9,232.24479853861968,38.43709146776415
sniffing,7737,7885,148,36.887480170320266,30.338121252918146
hunching,7886,7905,19,34.96573791295002,39.97017995922438
right_turning,7906,7916,10,155.74497464899449,35.60430092810953
walking,7917,7970,53,196.98249337030327,34.22542554323299
rising,7971,8014,43,53.53631884944818,29.38049315538915
climbing,8015,8054,39,65.92996223650427,51.06202474780765
sniffing,8055,8077,22,99.69053797579302,36.2295195396612
left_turning,8078,8115,37,71.23060626113146,38.02049415537964
running,8116,8158,42,293.0845263575658,33.89281799739715
sniffing,8159,8288,129,45.07169948997946,32.88607874465917
right_turning,8289,8297,8,187.24014022711356,35.27504127541821
trotting,8298,8332,34,232.53404807120336,33.452314992065155
sniffing,8333,8378,45,35.83157178309733,31.288391497513935
climbing,8379,8421,42,36.437981912683725,43.77138612407349
right_turning,8422,8443,21,73.08040066852817,30.737877516788355
walking,8444,8572,128,176.1597439938717,32.29652287048649
sniffing,8573,8626,53,77.03656999968273,24.38566790830924
right_turning,8627,8678,51,57.67664765584502,31.517952353036222
left_turning,8679,8703,24,105.92667799080986,31.638215938254465
sniffing,8704,8741,37,32.84768020308022,29.75446623098483
trotting,8742,8771,29,229.34753500632345,34.375856298144086
sniffing,8772,8796,24,72.29518280169526,33.0470139791074
climbing,8797,8825,28,46.460912709237554,50.227402769410396
sniffing,8826,8902,76,25.9432665618451,30.063593121532477
climbing,8903,8939,36,66.96760222532383,53.72005669807468
walking,8940,9013,73,175.05206149184548,35.5673354497241
sniffing,9014,9034,20,35.058456231788306,28.39519765733119
rising,9035,9046,11,50.16729888457679,39.43885031216731
climbing,9047,9100,53,35.936734755242284,58.77457789227167
rising,9101,9147,46,25.163681042624866,34.28990365199838
right_turning,9148,9167,19,118.13111976293403,36.259852954891926
walking,9168,9219,51,172.4086822177788,41.59195758501053
sniffing,9220,9262,42,68.51570288598397,34.88160684213503
walking,9263,9289,26,138.55882656941233,41.212382804268294
sniffing,9290,9335,45,33.290724718366164,34.295930172767854
walking,9336,9376,40,222.4181484285562,31.29805808455893
sniffing,9377,9393,16,29.975154197526805,35.36009528123567
left_turning,9394,9435,41,150.77012219394186,35.40166816711454
climbing,9436,9477,41,49.89414785237789,50.665547836415875
left_turning,9478,9532,54,118.80649275765163,34.26143918959592
walking,9533,9630,97,185.14149828494155,32.14147654631369
sniffing,9631,9693,62,31.303953151654312,31.32986475873751
rising,9694,9715,21,17.060686705058878,39.586481806673085
climbing,9716,9743,27,46.49819264948153,52.05167453220958
sniffing,9744,9763,19,39.67577842989165,33.72792529116224
hunching,9764,9789,25,45.90890254391821,40.5658951733077
stepping,9790,9795,5,37.772644113350395,31.56056154814321
walking,9796,9826,30,112.23966411668327,33.99109038744443
left_turning,9827,9858,31,68.74283241851407,33.84585306849146
climbing,9859,9892,33,42.5662647061836,50.43897516706913
sniffing,9893,9912,19,18.844868632915073,30.481144957025418
right_turning,9913,9921,8,188.1119954181446,32.17191362824862
walking,9922,9961,39,179.7996562120745,30.33041992105573
sniffing,9962,10006,44,35.65091780993099,32.41746884239417
climbing,10007,10073,66,48.624187959971515,59.4222366053937
sniffing,10074,10096,22,31.322973270493005,29.976415070897453
hunching,10097,10116,19,70.18819427787578,33.8178164420159
right_turning,10117,10121,4,325.81003225457914,36.6928104271921
trotting,10122,10173,51,241.6918194869991,36.234333098934165
sniffing,10174,10230,56,29.633476768269755,28.220891473914765
rearing,10231,10237,6,52.640544875431296,39.215564416049936
climbing,10238,10286,48,43.362495313652886,57.93558716374943
walking,10287,10318,31,150.52094851929226,36.95407812955281
rising,10319,10328,9,71.82272218180614,39.768332165494094
climbing,10329,10410,81,27.13666287316242,60.40258670683253
rising,10411,10432,21,43.411606728193064,36.903779178305264
walking,10433,10478,45,145.19920067036603,39.43159834219303
trotting,10479,10520,41,228.5324833063228,33.2018386517346
sniffing,10521,10582,61,51.787224229882256,30.48746353516251
walking,10583,10622,39,152.17228654970205,33.55635217326512
sniffing,10623,10670,47,23.74510167443192,29.794908140891668
rearing,10671,10682,11,32.99519927066735,41.923955780244405
climbing,10683,10745,62,43.28964429968959,47.22824512998513
sniffing,10746,10771,25,26.836446994335766,30.883804746375883
walking,10772,10851,79,165.90480075819772,36.40318832712064
sniffing,10852,10907,55,65.69968738161968,30.31147698579203
rearing,10908,10928,20,29.409013847285127,41.84208517102295
climbing,10929,10981,52,43.37963599203541,55.790559218088475
sniffing,10982,11037,55,21.544465194390877,31.05922204918514
rising,11038,11062,24,64.21590343594671,37.43721922462121
climbing,11063,11102,39,35.67860734529772,48.39128550611814
walking,11103,11198,95,108.55810564732319,31.751220720704453
sniffing,11199,11215,16,69.8110901130692,34.822109276101344
walking,11216,11262,46,139.7404324482075,35.206246976902506
trotting,11263,11282,19,239.32109696226658,30.97925379722198
walking,11283,11312,29,109.30098593626197,32.18685732799546
sniffing,11313,11351,38,37.53769154337377,30.435176115138482
rising,11352,11363,11,37.89594941552231,38.18028120660506
climbing,11364,11411,47,59.679331847704,53.19230359312561
trotting,11412,11441,29,274.3022210478603,38.00730443464738
sniffing,11442,11492,50,37.497216214069674,32.572473439882415
left_turning,11493,11542,49,100.41265466448827,30.86864420485249
sniffing,11543,11638,95,19.35889479370127,28.139881915952333
rearing,11639,11667,28,22.83209604420188,35.97331179128919
climbing,11668,11746,78,52.36489119285286,53.862885405162146
right_turning,11747,11753,6,241.5494291471416,37.54186348361435
trotting,11754,11795,41,256.77524220640686,36.41122240761649
rearing,11796,11808,12,38.07400215427739,43.484390705308186
sniffing,11809,11854,45,27.82243341397045,31.986902614456326
climbing,11855,11893,38,61.865509496630075,49.965107189048844
trotting,11894,11932,38,235.5911968928073,41.05712813122745
walking,11933,11966,33,217.081691388049,35.622791408348874
rising,11967,11978,11,72.39594628405598,34.944550347876486
stepping,11979,12031,52,84.69912474472571,33.83459126486265
walking,12032,12071,39,95.63686225471467,34.17047651617711
sniffing,12072,12097,25,40.608665082484904,35.66952069517834
rearing,12098,12237,139,18.790752258530954,41.36380679212278
hunching,12238,12292,54,21.097769355110657,43.48636818935218
grooming,12293,12337,44,28.812719790470105,43.74475567960475
climbing,12338,12372,34,25.0163766930616,39.90404087820744
rising,12373,12420,47,24.872356701966705,43.59824802123853
right_turning,12421,12435,14,48.84247825214542,38.19250917145148
sniffing,12436,12482,46,72.52171462858634,38.78315216215315
rising,12483,12504,21,40.06066461726277,45.67190344607743
left_turning,12505,12555,50,139.2475345775639,32.88158552990927
walking,12556,12576,20,92.14637424611846,28.951680322146135
sniffing,12577,12693,116,37.112696030137855,30.17902376439275
rising,12694,12744,50,58.89321401116989,39.15576813062716
left_turning,12745,12856,111,112.72376141948507,31.98651184257975
stepping,12857,12896,39,58.52617692513333,32.933955069830375
walking,12897,12992,95,125.69977061898935,30.484342744144346
left_turning,12993,13037,44,121.94269344489645,31.198132739566645
sniffing,13038,13077,39,45.80609807885752,31.101786878480063
left_turning,13078,13098,20,112.20777887983984,31.312348190768915
walking,13099,13157,58,176.48609151882857,35.43037150880367
sniffing,13158,13319,161,47.187385418632125,32.527432366546456
climbing,13320,13373,53,33.74177504342081,55.75662257612267
right_turning,13374,13390,16,101.54956772944104,38.227546760918855
trotting,13391,13431,40,252.9675565474286,37.471707788260886
stepping,13432,13464,32,113.32847308740195,33.1558593206777
rising,13465,13479,14,48.301754828292005,44.48298767026646
climbing,13480,13525,45,30.948555343567378,63.90186899966648
rising,13526,13546,20,27.869256220315204,37.0156056323822
sniffing,13547,13556,9,38.20123701837898,34.29556226915962
walking,13557,13579,22,140.87018575869422,36.08131341185835
sniffing,13580,13630,50,34.432329014427296,31.522377843156548
left_turning,13631,13685,54,132.09521067022797,34.89173486668721
rising,13686,13702,16,45.82081750996798,40.79996805361847
walking,13703,13713,10,116.66827410133948,33.456094562130936
sniffing,13714,13728,14,40.702053956739405,36.591069449250455
walking,13729,13773,44,176.99417347821122,32.88185557009441
left_turning,13774,13814,40,95.5455104185331,33.58150712430568
sniffing,13815,13927,112,42.62417739064337,32.488713774807316
left_turning,13928,13942,14,60.14056838588102,33.709547897726374
sniffing,13943,14107,164,44.539036659266934,37.19909589005162
left_turning,14108,14162,54,95.70665490765522,34.31556897407423
sniffing,14163,14249,86,73.73472364572237,32.8779345783261
hunching,14250,14265,15,64.56799650028219,38.6034014415936
right_turning,14266,14272,6,146.78126690300945,32.64053780318286
walking,14273,14323,50,183.58922268560914,32.46595439889179
sniffing,14324,14415,91,56.948109801116765,30.071562009785342
climbing,14416,14453,37,32.099818609845514,55.40534259741486
sniffing,14454,14505,51,19.650150505307383,32.045863325389405
hunching,14506,14525,19,46.61433582346293,37.33288389635008
walking,14526,14608,82,165.5505258232925,32.16182623824136
sniffing,14609,14713,104,41.14501312858709,29.666419572985436
rearing,14714,14722,8,38.349941830605104,37.938218036232584
climbing,14723,14759,36,43.81859272873825,51.117393238078215
left_turning,14760,14810,50,106.59778216560302,36.45147817836195
climbing,14811,14845,34,52.14938486998547,53.70415131074727
sniffing,14846,14865,19,48.016830967728104,32.4294925865284
trotting,14866,14923,57,234.44596577427117,35.216021723822266
left_turning,14924,15004,80,93.7591851411448,31.220993358177264
sniffing,15005,15025,20,26.46853245012869,30.172402162098034
rising,15026,15037,11,37.17763303742282,41.695954860961216
climbing,15038,15082,44,43.75006792555117,57.877493732616294
sniffing,15083,15112,29,14.52569260082156,32.65620803985783
right_turning,15113,15141,28,64.19867230973453,34.79511433041215
walking,15142,15209,67,166.6059676517922,32.69556036078823
sniffing,15210,15275,65,19.637378065539952,27.959675716160763
rising,15276,15318,42,64.29063557594503,38.165310853585396
trotting,15319,15350,31,243.93032113336392,36.25367296719433
rearing,15351,15364,13,47.56887874937549,44.23537143829323
climbing,15365,15421,56,38.510085797834506,55.84973650113017
walking,15422,15469,47,158.20241839008102,36.45641402942801
left_turning,15470,15479,9,110.00862784097293,34.11570910095361
sniffing,15480,15520,40,24.315044663776014,30.245098573896495
climbing,15521,15569,48,30.1966289001919,38.98016273415265
right_turning,15570,15597,27,94.57783274551396,35.24052780129382
walking,15598,15701,103,118.04282418631804,31.85424039385202
sniffing,15702,15766,64,31.293846315267146,31.350198041689886
climbing,15767,15804,37,36.65755764532857,53.5613052390097
sniffing,15805,15842,37,21.050247440618747,32.67978120228401
right_turning,15843,15871,28,90.22673336878405,32.80799873311577
walking,15872,15924,52,222.16969283036397,35.167557336633294
sniffing,15925,16007,82,55.37653513808753,32.47329495639451
left_turning,16008,16049,41,102.90688586083735,31.97961087948972
rearing,16050,16058,8,33.20756341739763,45.58989645071025
climbing,16059,16104,45,31.299483333555887,44.280851719378255
sniffing,16105,16152,47,43.14990602679773,32.471704845144956
climbing,16153,16201,48,30.438055111971785,44.29965326265355
left_turning,16202,16255,53,125.6464824449092,35.29836920597169
trotting,16256,16294,38,239.45737674671466,32.501440454879635
rising,16295,16329,34,89.10625901263914,34.401412255411906
walking,16330,16383,53,92.04357285162234,35.395632071126506
left_turning,16384,16466,82,88.3061136605356,31.049886831188545
sniffing,16467,16537,70,16.841135437169218,29.784345227321396
hunching,16538,16552,14,48.13531893371403,37.64155066772623
sniffing,16553,16604,51,40.622320560027106,34.398374791249125
right_turning,16605,16638,33,54.85975655558284,36.74178325674553
stepping,16639,16672,33,61.59107119411692,33.32162806818085
trotting,16673,16687,14,203.33111331804614,35.08531918246236
right_turning,16688,16716,28,59.59435338017269,32.095460693805286
climbing,16717,16750,33,40.16933515638165,56.829308044699104
rising,16751,16758,7,42.06177420813121,38.851041841568346
walking,16759,16809,50,135.66792311315785,37.48681713499049
climbing,16810,16864,54,43.040084455116094,55.66479752391402
walking,16865,16874,9,95.66133030706999,33.84473746112559
sniffing,16875,17032,157,19.24048972494172,27.108465088354865
hunching,17033,17056,23,41.43773036401186,38.590851647574276
right_turning,17057,17063,6,170.5918988177165,39.36788437219982
walking,17064,17100,36,124.1930601915726,39.69047151525396
stepping,17101,17185,84,99.48627922896159,31.635337652734123
sniffing,17186,17233,47,21.99305975743806,28.475861214970195
climbing,17234,17283,49,29.127284898845463,44.844243264733976
sniffing,17284,17329,45,24.875915355931372,29.40391422762077
climbing,17330,17365,35,59.576862186197204,53.93603707998033
running,17366,17409,43,281.0744674392081,37.97597766576157
sniffing,17410,17432,22,22.95058728674732,31.380037636806986
climbing,17433,17473,40,29.49716681158118,40.39752752509092
grooming,17474,17488,14,38.08129891946755,39.5506121179983
right_turning,17489,17499,10,215.6433004046461,32.39442051986817
walking,17500,17513,13,183.4159409502199,33.77812247467557
trotting,17514,17566,52,250.9419118479741,35.02707396678541
walking,17567,17614,47,110.20273210851497,32.95976063924926
sniffing,17615,17652,37,49.28027525115456,34.222404272654494
trotting,17653,17680,27,200.32486143916907,33.47692224127478
sniffing,17681,17739,58,50.26779341066785,32.593823247738754
left_turning,17740,17757,17,115.47372964997157,37.40659921539164
running,17758,17776,18,305.800061083947,35.80565155927294
sniffing,17777,17814,37,38.1357600166654,32.59313114010745
climbing,17815,17863,48,25.108187411942037,48.26783941656456
sniffing,17864,17908,44,21.240119402246307,35.461074940676745
walking,17909,17944,35,186.35640435075402,36.90874569350031
sniffing,17945,17990,45,37.98021849120396,32.5134884372827
right_turning,17991,18013,22,74.99443899949519,33.20068599002313
walking,18014,18033,19,170.05760242493392,30.631375921186315
sniffing,18034,18149,115,38.81459272152958,30.72476004562067
walking,18150,18211,61,186.13146499851766,33.82332253749574
climbing,18212,18254,42,41.62742647677066,54.597088370606336
rising,18255,18314,59,18.346410874547416,36.17867085535745
sniffing,18315,18344,29,31.347639727660283,32.50332156535249
climbing,18345,18378,33,76.54355587254801,48.92992487540915
trotting,18379,18436,57,291.6128859821323,38.06307864087612
sniffing,18437,18492,55,82.05908437643461,31.83810398324434
walking,18493,18522,29,149.15699821304204,35.56166979310749
rising,18523,18561,38,33.905844186590116,40.02573736345379
sniffing,18562,18652,90,44.499971976976795,29.179433973905056
climbing,18653,18742,89,36.20406038473982,55.91619506951535
sniffing,18743,18827,84,16.986915141457125,29.82410665524204
climbing,18828,18863,35,53.86945802432829,47.95504739467911
right_turning,18864,18875,11,140.23974740060672,33.70164044167196
walking,18876,18931,55,205.1833025677906,36.23941976294516
sniffing,18932,18955,23,37.33032101389415,28.962469776848025
climbing,18956,19006,50,37.0801479824244,45.13071641243962
rising,19007,19022,15,53.396397190407626,39.62449237124328
climbing,19023,19069,46,51.59441967210858,53.15484885188904
walking,19070,19100,30,167.99046098084716,36.495017637086136
sniffing,19101,19114,13,64.22355261126893,38.06588851671058
left_turning,19115,19156,41,104.78953905826806,33.48467177569434
rising,19157,19200,43,55.9346975307509,36.306027635341415
trotting,19201,19208,7,238.562804812141,32.516709493108195
rising,19209,19227,18,41.75931319421577,37.92941272153395
climbing,19228,19294,66,42.847405839489284,51.34993631436987
right_turning,19295,19313,18,123.89463919972108,33.67186800420321
trotting,19314,19356,42,251.226900999136,34.1199929132893
sniffing,19357,19380,23,37.53054095958631,30.43757983007161
rising,19381,19460,79,14.380140934360346,32.00567184056437
sniffing,19461,19495,34,51.35155157398916,33.55835876814638
walking,19496,19519,23,133.83629342495576,35.27147457233997
trotting,19520,19558,38,234.88853931124373,30.840369173997743
sniffing,19559,19601,42,26.87374535641751,28.533101481418228
rising,19602,19639,37,19.86406587832608,29.285497162945234
climbing,19640,19674,34,62.737390566368504,49.84865285905954
walking,19675,19730,55,203.06869413038126,37.65748379718044
rising,19731,19773,42,63.15952187770279,30.77778248148768
climbing,19774,19828,54,40.12649687640652,45.23207740668729
sniffing,19829,19911,82,49.41856037563365,32.55217185159705
rearing,19912,19944,32,43.47480131182524,43.336389805576495
trotting,19945,20000,55,241.81189531335258,33.60528085501405
sniffing,20001,20003,2,101.94057668817777,33.6967356186463
rising,20004,20013,9,57.14170710098027,38.662010380583126
climbing,20014,20060,46,31.412236215627498,45.35626015656774
sniffing,20061,20171,110,24.02049197507767,30.1539075412216
walking,20172,20213,41,98.04531667707059,29.969838366775818
sniffing,20214,20231,17,27.405868396348712,30.939156453933656
rising,20232,20238,6,40.46073993785272,43.506999811302
climbing,20239,20279,40,31.479523075420964,58.36608351645243
sniffing,20280,20294,14,31.00128264133319,30.803759173923783
left_turning,20295,20346,51,134.4818886474422,33.03442496590972
walking,20347,20364,17,207.88581314162582,33.57524694358872
right_turning,20365,20394,29,87.71943770883202,31.746409661937733
stepping,20395,20438,43,85.5879863481369,33.285981182683116
sniffing,20439,20509,70,49.64802951932558,33.19257704821241
rising,20510,20542,32,48.14808370395569,31.58674255477248
rearing,20543,20569,26,27.44458750742948,40.26034915616959
left_turning,20570,20597,27,116.66838657531262,35.23970167435258
trotting,20598,20639,41,264.92893040190955,35.298359867136135
walking,20640,20667,27,144.67801529549345,30.7520505021126
sniffing,20668,20762,94,26.662582754757153,29.673622622771983
climbing,20763,20805,42,36.30646245383948,51.39078118438439
sniffing,20806,20850,44,32.218362961365905,34.369320703486025
climbing,20851,20878,27,97.62849201226861,48.30721333028131
running,20879,20911,32,306.74696934151905,36.060069138924575
rising,20912,20959,47,60.86541360742611,31.072467618833837
climbing,20960,20993,33,64.09548069663799,39.56302204301943
walking,20994,21043,49,171.08721814103865,39.75682432882259
climbing,21044,21084,40,53.641784490048884,51.821224050448684
trotting,21085,21108,23,273.56404234739944,36.5998900491176
rising,21109,21142,33,59.36775269048468,31.81390010622516
climbing,21143,21189,46,53.670869156057556,59.29740264721385
left_turning,21190,21275,85,112.55815874169859,34.40308505042321
sniffing,21276,21305,29,40.10555440368432,32.23905575286206
walking,21306,21329,23,173.88774538805873,29.110551804159616
rising,21330,21345,15,65.6429603336208,34.912571883883786
climbing,21346,21381,35,93.62774204311079,50.078431323141274
walking,21382,21421,39,199.5860497594097,34.92841952751466
rising,21422,21449,27,40.61758659658006,30.12007812094219
hunching,21450,21474,24,12.700958478479544,35.809132134023876
right_turning,21475,21498,23,90.24758234011709,35.51982098063139
sniffing,21499,21614,115,48.78504646110064,32.4180046896798
rising,21615,21636,21,26.512580282478826,31.380074548472695
climbing,21637,21674,37,51.50902316962156,48.358215213279756
left_turning,21675,21734,59,75.10468506942364,37.02988168616161
sniffing,21735,21776,41,33.30161347682464,33.68905964632914
climbing,21777,21836,59,49.482642385366496,55.19742144634621
right_turning,21837,21844,7,206.85326972309338,39.52370214446309
sniffing,21845,21904,59,77.17653822354598,33.30917083630388
climbing,21905,21990,85,51.88480422439562,54.3938680113154
right_turning,21991,21997,6,162.82403511168147,41.35407088750902
walking,21998,22036,38,150.3744397490011,37.4032614189743
stepping,22037,22089,52,127.82799244419816,35.07465979967533
walking,22090,22123,33,188.96152642571482,31.980543815359088
stepping,22124,22165,41,117.96154901345861,33.98608194565128
walking,22166,22212,46,182.58654565476508,31.243343410480616
stepping,22213,22261,48,65.44923166150255,31.16118918671756
rising,22262,22282,20,26.974796033065136,33.84658724478338
climbing,22283,22322,39,74.25518018771905,53.166233540371096
left_turning,22323,22360,37,121.88522619150822,31.358378813356833
trotting,22361,22418,57,214.2214898479925,33.92974494911477
rising,22419,22455,36,37.51376897748008,34.6509642249227
sniffing,22456,22483,27,47.43042667801252,29.633943930587066
walking,22484,22511,27,195.95817149456897,34.69418173090203
sniffing,22512,22535,23,51.079575103619185,32.4916441396956
walking,22536,22595,59,136.269047943223,34.892753958393605
sniffing,22596,22614,18,28.14962198214308,33.723679206663974
trotting,22615,22666,51,226.5218221152785,36.004850698005
stepping,22667,22692,25,80.92072191577095,30.510941137160025
sniffing,22693,22731,38,32.427646463627276,32.80064027940237
stepping,22732,22789,57,59.690674722423466,36.04855854274681
left_turning,22790,22823,33,102.98627816076612,35.81703127795303
stepping,22824,22857,33,103.80922975637543,35.23588138903519
rising,22858,22879,21,57.84517855496779,33.95467302405697
sniffing,22880,22894,14,29.448275010930907,37.44956971605291
walking,22895,22940,45,140.0759556623284,34.128091309074634
trotting,22941,22979,38,251.18328419602673,32.25436028650361
rising,22980,23008,28,40.70719170632773,34.897011287352164
climbing,23009,23065,56,38.06776185395898,56.10546589637726
right_turning,23066,23086,20,158.651534870746,33.84614320121574
sniffing,23087,23105,18,26.522991570131158,34.90931300428211
left_turning,23106,23134,28,61.535662173339176,30.191435985891644
rising,23135,23148,13,42.78146144731897,48.409717612304185
climbing,23149,23189,40,42.71385915885805,49.24767416055688
right_turning,23190,23211,21,64.15776242661313,34.62805727909786
walking,23212,23268,56,170.5478465800672,34.96909109056036
sniffing,23269,23323,54,36.44610841836415,32.77568937895382
right_turning,23324,23358,34,67.05370598084254,32.31238753072614
sniffing,23359,23398,39,99.6347849708713,34.34460392148747
grooming,23399,23474,75,28.197883316813932,33.59025722053312
left_turning,23475,23490,15,126.88063051344318,30.251053607232645
hunching,23491,23525,34,41.322902117846475,39.28707480980647
walking,23526,23533,7,111.02526078829857,30.572032282121498
rising,23534,23583,49,46.1807899693414,33.43691714105629
climbing,23584,23615,31,61.112689630909344,51.32129677840868
left_turning,23616,23637,21,138.80089046551413,37.72482542740061
sniffing,23638,23698,60,86.088545868924,35.238693033700606
walking,23699,23711,12,99.82981350704556,36.542593783377654
stepping,23712,23771,59,131.17643833513722,36.38697739698926
sniffing,23772,23817,45,55.202325800728765,36.46734415440251
hunching,23818,23862,44,24.27429021755883,39.16222569753029
rising,23863,23921,58,21.017895276320562,41.589155638957784
hunching,23922,23941,19,21.821227681729606,45.19117476276291
grooming,23942,24100,158,20.84639837735187,42.72099584178534
rearing,24101,24136,35,25.624311276674234,42.588443924994706
hunching,24137,24166,29,21.103844459667492,45.879329917690185
grooming,24167,24334,167,21.678602350014,40.593688586513
climbing,24335,24444,109,22.434298838677407,43.94975236482865
grooming,24445,24504,59,17.673773593832028,48.39371613633141
hunching,24505,24562,57,15.771370173452327,46.74805126920915
sniffing,24563,24640,77,27.568445210128885,43.78000498518229
climbing,24641,24735,94,18.069110184322263,48.032379947277875
hunching,24736,24764,28,23.201293077107945,48.03786499463408
grooming,24765,24908,143,23.555528891334934,40.75193978689265
right_turning,24909,24916,7,44.15882544132532,41.1122693841784
rising,24917,24968,51,77.57286265770298,38.69727221425427
hunching,24969,25006,37,32.481781708381256,40.61355856710238
climbing,25007,25071,64,22.83310063521896,45.96915993799191
rising,25072,25106,34,53.073244879126214,38.262347251173416
climbing,25107,25227,120,24.004364280571416,50.22987432847216
rearing,25228,25235,7,68.47925049082427,46.0925441269179
sniffing,25236,25255,19,67.009952311811,39.6431334358094
rising,25256,25276,20,42.52267701670472,46.73101020247325
climbing,25277,25329,52,23.713255746419254,46.027607897656125
rearing,25330,25364,34,25.763731742567277,48.409404382115866
walking,25365,25416,51,155.54265281982327,41.619856280768836
climbing,25417,25456,39,27.673738323329143,43.66937792341892
stepping,25457,25501,44,110.84472134635729,35.336015824915386
rearing,25502,25518,16,35.485523288167826,39.82988675285383
climbing,25519,25559,40,56.330066936500984,50.468768193147774
walking,25560,25576,16,129.65413370225463,39.6985942595761
climbing,25577,25615,38,31.244003928678538,44.425384724197684
sniffing,25616,25643,27,21.176912918260104,31.26072343356328
right_turning,25644,25670,26,100.32535456872718,37.02130586383566
sniffing,25671,25720,49,31.802149241801743,35.951554156273005
stepping,25721,25752,31,116.11039200092901,39.88715034632799
rising,25753,25773,20,57.308071613666634,45.50752885188284
walking,25774,25812,38,134.2604137827267,35.5631607788748
sniffing,25813,25871,58,40.39915954268846,33.00236577498702
climbing,25872,25920,48,31.30064539536746,44.03393006947812
sniffing,25921,25993,72,48.37824364679731,38.94610584709245
climbing,25994,26024,30,29.571169701088056,40.96477744946202
left_turning,26025,26070,45,102.19276300082765,37.33988437324074
sniffing,26071,26291,220,25.286333744597147,33.922581229540484
rearing,26292,26334,42,30.708177885973935,43.02719725448495
walking,26335,26363,28,108.67715160376584,34.99665864662069
stepping,26364,26416,52,43.40938204107598,35.34969184715172
walking,26417,26509,92,142.783310107241,34.31874861001181
stepping,26510,26555,45,107.5165216596501,33.82798564981548
sniffing,26556,26599,43,102.50978884761695,37.33364000528166
rising,26600,26645,45,45.763789298863905,34.05926192170325
climbing,26646,26682,36,43.29711576491926,53.18243303496135
left_turning,26683,26692,9,114.26634809335584,32.495190647790245
sniffing,26693,26718,25,60.05052832009154,34.51363322954647
walking,26719,26769,50,126.63604763550035,39.61240809788411
sniffing,26770,26806,36,79.6309962475738,30.68021180040375
left_turning,26807,26843,36,140.99805787463944,36.67761186288295
sniffing,26844,26895,51,35.18610949895342,31.900115294292583
rising,26896,26924,28,45.46132455733961,38.54197763365892
sniffing,26925,26954,29,25.194897737705197,35.74455262043411
walking,26955,27049,94,133.10198008227434,35.614250266318344
sniffing,27050,27143,93,33.43477777910929,35.19157795965402
rising,27144,27156,12,80.67522431949288,42.13814412565547
climbing,27157,27179,22,44.32477024872489,56.785272265339145
right_turning,27180,27200,20,66.2393705659131,36.392236067569755
sniffing,27201,27231,30,31.428573681721087,30.724469781718913
rearing,27232,27252,20,37.88807352820246,40.05249256762066
climbing,27253,27275,22,93.54795045331716,52.73331496653613
trotting,27276,27292,16,223.03423875625438,33.82396260868314
walking,27293,27344,51,155.88683845099447,30.6807129545135
sniffing,27345,27393,48,27.42408140100858,29.628835282733615
rising,27394,27407,13,29.53088804204997,37.50302722895411
climbing,27408,27455,47,38.06534565563887,58.9087531546044
sniffing,27456,27562,106,39.8955802542902,30.569231423373548
trotting,27563,27600,37,286.64335243645945,31.99657104508978
sniffing,27601,27632,31,33.35273029801954,33.18631962546176
right_turning,27633,27643,10,172.58227561870515,32.85399835492092
walking,27644,27697,53,183.44179535463738,32.12036124098325
sniffing,27698,27758,60,64.87627187747879,28.43809039590823
right_turning,27759,27781,22,71.59900054639559,32.992299467887676
walking,27782,27838,56,118.50639837234345,30.963409589440097
sniffing,27839,27872,33,42.10356909371473,33.6610350684959
walking,27873,27920,47,125.5356307635202,31.517830110852213
sniffing,27921,27961,40,22.14552539948695,31.15508145154957
rearing,27962,27993,31,45.35498211449358,44.47792296280726
trotting,27994,28039,45,248.27415678669695,33.67825910785085
left_turning,28040,28079,39,74.45220615278285,31.2052681722271
rising,28080,28092,12,31.227804572186145,36.05661374687233
hunching,28093,28102,9,52.43521090302661,43.36012200509778
climbing,28103,28134,31,48.70237597516628,54.086309840579766
right_turning,28135,28170,35,91.06804694817787,33.8661380497107
stepping,28171,28210,39,83.56193398305498,34.67734004566675
walking,28211,28254,43,191.15447279515817,30.937689224655983
stepping,28255,28303,48,117.56688430714671,32.00954293514954
sniffing,28304,28326,22,44.55450924768911,33.271957920355625
walking,28327,28373,46,162.6023552573744,30.233920507779253
sniffing,28374,28432,58,19.01528740420525,27.161930224682862
rising,28433,28446,13,25.87303387196344,30.66156052645459
climbing,28447,28477,30,36.580240145052684,44.139916079624406
rising,28478,28537,59,20.479694283498556,30.761052173621795
climbing,28538,28572,34,54.99329202091443,51.317462642883775
walking,28573,28605,32,209.75942978909137,38.51529174959587
climbing,28606,28639,33,45.34452062182207,51.23798012166001
sniffing,28640,28654,14,24.332446482471436,35.562712809669286
right_turning,28655,28674,19,79.09374206455907,35.46529168700983
climbing,28675,28713,38,64.64607332439235,55.86672985604678
right_turning,28714,28717,3,208.67560083759014,31.095149693414985
stepping,28718,28762,44,114.81281936305135,29.63005591675966
climbing,28763,28831,68,40.63590772835097,50.92410094621509
sniffing,28832,28845,13,76.50181805456202,36.28577123070602
running,28846,28865,19,312.4868761984658,41.8163253964464
walking,28866,28917,51,123.42766038366616,34.65770156111566
rising,28918,28931,13,33.35000031012905,44.19719609329858
climbing,28932,28983,51,60.67074416511113,53.94477031267615
right_turning,28984,28989,5,265.6219298594029,35.927189073235475
walking,28990,29021,31,161.44736185211042,35.868702752611
rising,29022,29062,40,43.10670602736411,40.54590096595294
walking,29063,29107,44,117.94522901359667,32.259046473776635
right_turning,29108,29117,9,208.89980006343794,33.101803628338224
running,29118,29156,38,293.1459021164671,32.815898244409574
sniffing,29157,29181,24,34.046513590921876,32.203200631184565
climbing,29182,29215,33,35.82602352221887,47.405606457527696
sniffing,29216,29270,54,40.70889866794529,32.20305332365365
right_turning,29271,29276,5,226.23896804393019,33.23390727240371
walking,29277,29331,54,219.06579808345077,29.369386173592897
sniffing,29332,29341,9,44.50159896070966,30.802659517082283
right_turning,29342,29387,45,82.8740079532272,33.985157908559515
walking,29388,29454,66,162.4761082031129,35.691151556394395
sniffing,29455,29487,32,40.34859390217085,30.784802421810127
climbing,29488,29527,39,55.84855273881832,55.256706920412384
trotting,29528,29550,22,189.30478119853464,36.831442471826804
walking,29551,29601,50,159.45967366014972,33.894975888762325
rising,29602,29631,29,65.62816211391711,33.10546220535343
sniffing,29632,29671,39,93.78817547775662,32.85008094400361
rearing,29672,29683,11,74.14149282871075,37.99199998339478
running,29684,29721,37,280.83242514199173,38.567184643640616
sniffing,29722,29750,28,35.475335704660814,31.965733943042096
climbing,29751,29789,38,56.63458812846427,48.64527573422851
walking,29790,29830,40,158.12506860390386,35.32139463595815
running,29831,29869,38,285.9823802517459,32.999811062911235
sniffing,29870,29945,75,49.414701914717824,35.734015316589435
left_turning,29946,29985,39,95.12823697759129,32.7622807942423
sniffing,29986,30090,104,44.074864497137135,33.0863011981654
stepping,30091,30123,32,84.91736816180516,30.0985804261714
grooming,30124,30133,9,53.861193296903934,34.865453895330305
climbing,30134,30177,43,46.277983227301924,50.02522516094586
right_turning,30178,30187,9,233.12330030881762,34.86615402335812
walking,30188,30200,12,183.6999301712738,37.39632840596908
stepping,30201,30247,46,113.43147423625537,35.68924275478358
hunching,30248,30303,55,13.586545185589472,40.599892632079445
right_turning,30304,30320,16,56.263369369009155,33.348942084296915
trotting,30321,30347,26,231.96916874315937,32.704662212699446
walking,30348,30386,38,168.88485069938514,32.03917156315356
right_turning,30387,30402,15,45.52896592541032,35.60487145334409
rising,30403,30413,10,50.58865136400543,42.70433430741911
climbing,30414,30456,42,55.17907754471343,51.13388846487336
rearing,30457,30465,8,53.46881927291546,40.92701230011357
climbing,30466,30509,43,51.976736434635946,44.798765948954205
left_turning,30510,30524,14,104.47412446192395,34.78427501393977
sniffing,30525,30540,15,38.07895420120514,36.683273475311225
climbing,30541,30643,102,49.19988452751129,53.215297556154134
trotting,30644,30703,59,223.20341725874488,36.98064919358974
walking,30704,30735,31,66.01850835782042,32.75167555639179
right_turning,30736,30770,34,87.9391876300443,32.83360432432504
stepping,30771,30829,58,77.99183001540577,35.578730765454715
walking,30830,30879,49,111.80637495217897,34.141835544274144
sniffing,30880,30934,54,27.23351370211469,34.72314554786693
walking,30935,30964,29,175.62199041192028,34.744086946913484
sniffing,30965,31015,50,68.78029799335857,32.03244808216941
walking,31016,31055,39,108.49156633181599,31.996156272512984
sniffing,31056,31109,53,32.79540735792967,37.48963185003545
left_turning,31110,31128,18,75.94728833254575,34.91453034634374
sniffing,31129,31168,39,88.2547461953623,30.948233306832712
rising,31169,31185,16,40.892568324675416,39.86987272609855
climbing,31186,31231,45,33.063740585977165,61.579921346032755
rising,31232,31251,19,25.957046539647546,38.15510131501692
hunching,31252,31296,44,16.778539025295252,37.10799212558187
rising,31297,31326,29,34.603030465821675,35.78765337025104
climbing,31327,31366,39,47.46359782079102,58.09129796754637
rising,31367,31410,43,25.89084766774781,36.24616086444591
sniffing,31411,31449,38,24.22402614412537,29.981817665237884
rising,31450,31471,21,26.721311512926437,37.29775325507096
climbing,31472,31498,26,52.89362305951796,56.81802250688603
grooming,31499,31512,13,58.262913444343724,39.969741318416176
right_turning,31513,31525,12,196.7365636647194,41.78356527918494
trotting,31526,31579,53,237.7635353347788,38.34870114626606
sniffing,31580,31629,49,48.053968718565955,33.374278872857715
left_turning,31630,31654,24,110.36556573980249,34.286705156642164
walking,31655,31694,39,160.77245595744012,33.422662279850584
rising,31695,31796,101,33.22128292770756,32.42494656647969
sniffing,31797,31815,18,49.3108071344324,35.27080400542564
running,31816,31865,49,298.00738004760166,37.86837835950825
sniffing,31866,31917,51,28.421391884140228,32.69462468002418
climbing,31918,31964,46,48.487299375181784,48.194923773211485
right_turning,31965,31968,3,218.21187844261323,33.12917281469453
walking,31969,32003,34,130.01674515024555,30.686638767874683
sniffing,32004,32061,57,23.590904238562363,33.23309397145378
climbing,32062,32102,40,58.045208072259875,52.88468257032066
running,32103,32119,16,385.40181202437316,40.619932275199375
trotting,32120,32175,55,236.72781423457602,31.961469776187098
sniffing,32176,32225,49,31.33383282524877,34.40429888473315
right_turning,32226,32238,12,134.45793023232943,33.0015756781551
walking,32239,32281,42,186.87876789158668,31.531240149076105
left_turning,32282,32321,39,81.97926644318616,30.676802384355984
sniffing,32322,32364,42,55.3763866251496,31.880958299277705
stepping,32365,32384,19,91.51603782623489,38.35701622794051
walking,32385,32400,15,153.82769308344226,35.255075081176884
sniffing,32401,32479,78,38.48146528798208,30.37420619552376
rising,32480,32506,26,28.199304420632007,36.588153681958815
climbing,32507,32543,36,48.19294180075505,51.95894968008191
sniffing,32544,32568,24,26.27882386495927,33.100353184339745
right_turning,32569,32583,14,131.7753831470339,39.330105227907325
trotting,32584,32629,45,269.3703034431282,35.46949183426411
sniffing,32630,32661,31,41.93082419206049,28.89011473508981
rising,32662,32667,5,55.201717214601125,36.70746224788637
climbing,32668,32717,49,66.70663677727886,49.111334380566376
right_turning,32718,32721,3,286.0122338991535,32.89860313110986
walking,32722,32863,141,154.0620699637518,32.82249886903932
sniffing,32864,32896,32,91.3369084962206,33.04933995803302
stepping,32897,32937,40,39.39742290001948,31.76153159005948
left_turning,32938,32970,32,93.37919123542329,33.223853707997364
sniffing,32971,33030,59,24.51152577276016,30.976686609950306
walking,33031,33087,56,168.38703062511652,31.349372049543412
sniffing,33088,33192,104,49.48218602030591,34.22808189753935
rising,33193,33241,48,59.78396452603028,36.25771710104675
rearing,33242,33257,15,20.54755432493586,36.390950730087255
climbing,33258,33306,48,26.512092752686808,42.43011946394446
hunching,33307,33342,35,33.74783058189981,38.28781704854332
sniffing,33343,33432,89,33.92947581308799,34.20506564859637
hunching,33433,33554,121,22.34299006848922,42.56126879725596
grooming,33555,33612,57,24.7477862595298,41.39551971408479
rearing,33613,33632,19,23.934943289317268,42.72942439270016
climbing,33633,33649,16,28.533290973608462,41.400726433471284
rearing,33650,33759,109,25.620263290408978,45.36410708644658
rising,33760,33816,56,28.203259858211982,46.522118815501365
climbing,33817,33847,30,26.41534955071006,43.15075509597212
grooming,33848,33865,17,28.619092668564154,45.819432894971385
climbing,33866,33985,119,26.526908329447014,41.156050161985
grooming,33986,34045,59,26.53362042555918,46.36884374619422
climbing,34046,34101,55,27.04955797394935,42.83856675582363
grooming,34102,34201,99,31.19847887862308,44.78230275045249
rearing,34202,34261,59,24.02139616380835,46.527041161376765
grooming,34262,34317,55,28.426567617172143,46.56930316766852
rearing,34318,34364,46,23.261238449345683,43.3557901405022
grooming,34365,34454,89,24.56309690729605,40.14573537859088
climbing,34455,34506,51,20.951724035817065,47.97449940143128
grooming,34507,34520,13,21.174178633638178,50.251742682762426
rearing,34521,34622,101,33.08392867492558,46.88487716820786
hunching,34623,34633,10,29.3708059998361,43.65185023702727
climbing,34634,34663,29,22.084518322338727,44.96052241641685
grooming,34664,34747,83,35.11764948218771,43.72852528661634
climbing,34748,34803,55,27.313813866170193,46.71641108939347
rearing,34804,34921,117,30.13903598727757,45.82358453901036
grooming,34922,34961,39,24.83961920794083,41.238306924496
rearing,34962,35078,116,25.590672680796132,45.80048437809264
hunching,35079,35133,54,30.922650752052913,46.81520349112017
grooming,35134,35185,51,25.362045312849514,45.1614043643611
climbing,35186,35204,18,26.73902828508587,46.02641287339074
rearing,35205,35249,44,31.909324029038025,44.929339323827826
grooming,35250,35352,102,31.18653778515852,44.11480856392026
rearing,35353,35382,29,29.783821234380376,44.42932000179018
grooming,35383,35535,152,29.77542597133338,39.90502982680394
rearing,35536,35588,52,32.95141092001566,43.30235665903403
grooming,35589,35692,103,27.033319299197693,38.29846557392453
climbing,35693,35749,56,32.87008292700557,46.16633724522693
sniffing,35750,35806,56,41.33563243309312,42.49887491788916
hunching,35807,35844,37,28.638893158625233,45.39942613804774
grooming,35845,35881,36,26.625805402029567,44.58806108405484
rising,35882,35906,24,30.992436460303143,45.742467830142324
walking,35907,35959,52,139.73338461303752,37.75103288251653
stepping,35960,36000,40,122.44857435848675,38.23095935923552
rising,36001,36052,51,25.43049586906673,38.15428015498222
climbing,36053,36076,23,41.760469052848684,57.929456524395356
right_turning,36077,36105,28,171.23175246690403,41.48842112167386
walking,36106,36150,44,209.2109549582856,36.504377284347456
rising,36151,36176,25,65.92505346585716,32.984007907484276
right_turning,36177,36199,22,168.18508843064478,33.560191527103804
sniffing,36200,36350,150,38.2991871735993,33.2738190629743
rising,36351,36365,14,27.574957107177003,40.177589266923896
climbing,36366,36395,29,31.487286991280016,54.9766854940378
sniffing,36396,36427,31,53.4771522540925,35.61940478968793
right_turning,36428,36460,32,94.77707945530025,33.839732094425315
left_turning,36461,36491,30,98.0002068776303,36.166988191551255
rising,36492,36505,13,53.47037595738478,45.36676968105255
trotting,36506,36534,28,274.7990234348765,39.70428013007914
rising,36535,36552,17,29.933251426928084,41.5826623747918
climbing,36553,36583,30,41.90956692465925,57.006669793531344
rising,36584,36588,4,38.25139507015228,35.6830958454283
sniffing,36589,36594,5,78.19232881980678,33.294254372917116
left_turning,36595,36607,12,128.15065304217802,33.853603587497325
rising,36608,36624,16,73.4758531385789,38.7338022688015
climbing,36625,36653,28,77.73865678715936,49.3448631158818
running,36654,36689,35,323.93720811883725,35.279961754490984
sniffing,36690,36765,75,51.42889524820502,36.095413434254326
walking,36766,36826,60,198.2338888776869,34.696524812049645
sniffing,36827,36881,54,22.281592685400174,31.07410903910551
rearing,36882,36958,76,25.748002617723536,40.991138050381664
climbing,36959,37002,43,51.51632227087942,53.889699862646495
trotting,37003,37011,8,233.48355836254586,38.06754951320643
sniffing,37012,37056,44,61.88920071212632,35.83163942364333
walking,37057,37084,27,186.7595572082791,35.80133839630093
sniffing,37085,37115,30,27.86449524380674,35.43103576446126
rising,37116,37140,24,30.535917296986973,35.19341600541177
climbing,37141,37197,56,34.8114846501154,65.54861219435104
rearing,37198,37205,7,22.54249203675556,44.92360032870282
rising,37206,37277,71,26.296488775891035,30.717908415164302
climbing,37278,37320,42,41.07005158059502,50.228581082048684
rearing,37321,37340,19,37.50255330572569,38.46614126025757
left_turning,37341,37350,9,175.86036628058417,40.587837057909056
walking,37351,37381,30,161.48256907659484,36.484281286337925
sniffing,37382,37412,30,43.67570935138541,34.46804266684811
hunching,37413,37419,6,55.10539596580422,39.40119532538604
climbing,37420,37461,41,32.19108893102462,49.18196311103624
right_turning,37462,37495,33,65.01021640614545,35.787764075144906
rising,37496,37512,16,35.3824443603984,45.40144554438474
walking,37513,37561,48,87.51036640355551,34.48839181264518
rising,37562,37574,12,47.6408560258839,45.089497643458245
right_turning,37575,37576,1,126.10928051859709,40.160220423050326
walking,37577,37620,43,210.43866201655598,33.94182943948382
sniffing,37621,37644,23,26.238194367921086,32.76154399782825
right_turning,37645,37682,37,184.92731875500374,33.44454587683431
walking,37683,37704,21,95.61236509078664,32.012801799122
rising,37705,37719,14,29.653553566601623,36.13087909001948
climbing,37720,37747,27,49.03134137884059,56.27368242362444
sniffing,37748,37753,5,73.09934715569116,35.97323835182819
walking,37754,37793,39,152.59450109248957,33.082323582613505
rising,37794,37844,50,21.52872613056783,30.55642942182705
left_turning,37845,37892,47,96.16394841805112,34.86183813872665
trotting,37893,37926,33,215.94492131517268,37.24810199634873
walking,37927,37943,16,103.04062596748818,32.98165369223052
stepping,37944,37992,48,50.59486274946738,33.234794725414076
walking,37993,38032,39,73.50492884157863,36.93686645381653
sniffing,38033,38084,51,43.92560529183001,34.63466302918413
rearing,38085,38131,46,30.517689955498824,39.81829068669641
sniffing,38132,38200,68,48.97356660230473,37.46212178381252
running,38201,38219,18,381.8619182236845,37.42736202395377
trotting,38220,38241,21,221.29080469110542,33.13790246604411
sniffing,38242,38275,33,34.40643111007704,31.545090498057093
rising,38276,38298,22,29.380461911547197,36.80838224246396
left_turning,38299,38363,64,100.33305950383327,37.510510673379855
right_turning,38364,38381,17,34.18154238068919,37.00540910321867
sniffing,38382,38424,42,59.730538677165704,32.64214175338244
rising,38425,38439,14,41.306250436485456,32.49668669000337
sniffing,38440,38472,32,44.03118242123469,32.69200114618565
left_turning,38473,38493,20,102.94565404534548,33.67528676001958
walking,38494,38524,30,131.02509446921516,34.72572516791935
sniffing,38525,38561,36,57.302211616506135,30.6200966788557
walking,38562,38592,30,160.60244466305002,28.059689414527284
left_turning,38593,38617,24,81.06779058893066,28.659218223645947
rising,38618,38630,12,33.25300326883121,36.59323726045581
climbing,38631,38694,63,50.681738894711394,53.060369495049045
right_turning,38695,38729,34,97.4268536464664,32.9002146513993
trotting,38730,38769,39,244.167905577505,38.45850323182124
rising,38770,38778,8,58.58543594243994,41.66717987574919
climbing,38779,38863,84,45.04101837522007,53.44240745252939
walking,38864,38878,14,175.9977730419549,38.41583573023829
rising,38879,38886,7,76.53304853452326,44.471653285653744
climbing,38887,38926,39,49.827770607607036,55.6541206998401
walking,38927,38954,27,146.51689273274204,36.995276484633436
rising,38955,38988,33,28.590129026237204,31.799108407160414
climbing,38989,39028,39,45.976761311670465,50.06748401654194
sniffing,39029,39093,64,25.48159573454997,30.713076548613223
right_turning,39094,39133,39,116.95265876354578,36.10783480078773
walking,39134,39184,50,166.87599051359018,37.640616724256205
rising,39185,39191,6,71.29754611700727,43.809572511734025
climbing,39192,39267,75,39.45415484977586,55.356913166130425
trotting,39268,39321,53,219.14240775493832,37.49076661078563
sniffing,39322,39358,36,47.45830436368593,32.84120487307817
rearing,39359,39409,50,19.331679829583145,39.29286389224438
climbing,39410,39488,78,42.041672656523026,60.32139833682172
rising,39489,39530,41,43.544528953077396,38.207473860636505
climbing,39531,39591,60,45.880673287807056,52.613320489960444
right_turning,39592,39595,3,89.28565356498525,36.448062456624115
walking,39596,39651,55,186.0114382140942,38.93798706699421
rising,39652,39656,4,50.04932258734329,47.84861319658162
climbing,39657,39695,38,55.409728678833176,56.82402793242318
trotting,39696,39741,45,279.887715278092,32.851227565806624
rising,39742,39768,26,29.213675244877486,36.93520579129283
climbing,39769,39840,71,45.31217784519893,52.13818575910667
left_turning,39841,39866,25,91.95721573901089,36.6457347716889
walking,39867,39896,29,203.16959030200096,38.85113740054813
rising,39897,39905,8,55.893555283287725,41.343771227253654
climbing,39906,39930,24,32.5981811682249,48.48318904676367
right_turning,39931,39961,30,199.44747987461702,35.75122836844706
rising,39962,40000,38,31.087917885164117,40.91863359156256
walking,40001,40002,1,65.58056639529218,34.42031856103084
right_turning,40003,40050,47,62.07971006005533,33.66230142056098
walking,40051,40132,81,153.64629132903474,32.455438628673534
sniffing,40133,40211,78,25.71514635066827,30.90651993364684
rising,40212,40264,52,13.03306031419194,34.26930041171946
sniffing,40265,40271,6,48.985447464483755,35.65419959551698
right_turning,40272,40295,23,89.59929106638374,39.10543906461913
sniffing,40296,40364,68,38.13828743082111,35.92159071490563
rising,40365,40382,17,40.70744544847206,39.35517992368936
left_turning,40383,40389,6,97.62708347730562,38.524666188514054
walking,40390,40419,29,143.89235093287533,37.28754518709992
running,40420,40448,28,305.6148936935031,36.02415563680493
sniffing,40449,40491,42,36.00851798272774,34.74764898944364
left_turning,40492,40519,27,60.54366669966578,30.944926365921994
sniffing,40520,40523,3,47.4841775846614,33.81748774525144
rising,40524,40556,32,29.65619843488012,35.49695982474047
climbing,40557,40612,55,31.56495998329246,62.89432623543739
rearing,40613,40622,9,61.12106534804343,39.399648854602965
left_turning,40623,40640,17,141.8121706547931,38.34539489487641
rising,40641,40671,30,37.65488421687578,43.0511414884782
sniffing,40672,40688,16,25.854964781953516,39.268478524871426
rising,40689,40727,38,71.45940817980046,41.5505659922796
climbing,40728,40746,18,37.1154551111001,52.04096306104855
rising,40747,40749,2,66.21111898364053,45.643775359649446
walking,40750,40751,1,61.26672907296616,37.456695995666536
left_turning,40752,40757,5,81.67719287131006,31.36753810257102
walking,40758,40785,27,200.6368634613534,32.64836534756488
rising,40786,40794,8,59.58629712417673,36.91132574693114
climbing,40795,40835,40,36.88158149634244,49.803642923276804
hunching,40836,40872,36,45.634802452826555,34.73219296242566
rising,40873,40907,34,13.179829351763907,34.636533207003396
sniffing,40908,40918,10,28.70425424007251,31.87676623615189
walking,40919,40943,24,145.1241095963094,37.526452924432505
left_turning,40944,40977,33,116.47647025488247,34.68398643883376
sniffing,40978,41112,134,35.3258570059218,33.955678680313994
trotting,41113,41142,29,253.54503787582118,36.55890985859129
walking,41143,41176,33,233.87768998647084,33.61391560741391
sniffing,41177,41185,8,44.267143394219495,38.638071735623015
walking,41186,41204,18,87.43274028853,33.8940076872394
sniffing,41205,41347,142,35.90488520624534,31.483266750615396
left_turning,41348,41367,19,167.1470386960354,38.592580173495804
walking,41368,41422,54,160.18077782334754,35.90027212068303
sniffing,41423,41470,47,53.01624761221567,32.39940944787664
right_turning,41471,41500,29,63.73616238951164,32.09388612238385
left_turning,41501,41540,39,103.38296092242327,33.88739600066411
sniffing,41541,41610,69,45.67662281402817,33.869098388652226
rising,41611,41622,11,29.973879525190057,35.6076697253624
hunching,41623,41674,51,22.044149456341607,33.76932431443999
rising,41675,41677,2,32.616294176979615,35.2636247531225
left_turning,41678,41692,14,118.54561639130128,36.36639033890081
running,41693,41717,24,356.88354030062584,35.60608685118571
left_turning,41718,41742,24,139.32341854703267,32.950449698053255
sniffing,41743,41944,201,30.824869805730767,31.67472270337897
walking,41945,42014,69,145.9083292614292,32.80466649456636
sniffing,42015,42039,24,39.137644162040694,37.860359106438835
trotting,42040,42063,23,273.64544644030485,33.26384325335882
walking,42064,42102,38,110.85913140530228,31.000893950044567
sniffing,42103,42238,135,49.83519116780498,32.07524947103115
left_turning,42239,42287,48,68.70533284918541,33.68533633554244
sniffing,42288,42411,123,35.62978353583087,32.838479307053454
rising,42412,42423,11,34.939476050723705,35.384927695681206
climbing,42424,42503,79,46.235147711308954,55.10446260798145
rising,42504,42509,5,39.42977704678113,37.60388620180998
right_turning,42510,42544,34,176.4964491833266,38.83001314336328
trotting,42545,42573,28,256.91424606478955,39.85845259399338
rising,42574,42625,51,48.57015224921853,37.168367791704085
right_turning,42626,42660,34,73.23051196458736,36.32628963017666
sniffing,42661,42669,8,39.64748462916637,37.07345901477888
rising,42670,42684,14,16.380722534808616,38.705709460414376
hunching,42685,42734,49,10.922814799929863,40.12493537226297
sniffing,42735,42835,100,31.378309994246816,38.93443854792121
grooming,42836,42950,114,14.565200200609455,42.35780751801243
rearing,42951,42995,44,13.560813978942829,41.75273642390729
right_turning,42996,43011,15,67.16081771181263,35.646362340671615
left_turning,43012,43020,8,76.26955024714522,32.13406361270786
sniffing,43021,43066,45,23.473847006034795,42.21828171296897
right_turning,43067,43108,41,59.355474082792234,37.1682587436635
rising,43109,43121,12,35.323230528767084,38.935196498156294
rearing,43122,43165,43,18.04332106003963,39.84882377962874
rising,43166,43175,9,14.136331800360953,40.111383873154224
rearing,43176,43325,149,13.663700798642658,43.598117417513734
hunching,43326,43378,52,19.28855730682073,43.791056580372846
rearing,43379,43421,42,24.00096223064254,43.871650759578415
hunching,43422,43495,73,17.61619394825809,43.00994397692549
climbing,43496,43555,59,22.28921704011002,38.288485244958686
grooming,43556,43720,164,27.83172222468596,39.6296947130694
hunching,43721,43777,56,27.421787457841308,42.6865551660481
grooming,43778,43837,59,26.46337165981723,39.654816538758304
rearing,43838,43913,75,27.54986856479954,43.053339459917424
hunching,43914,43947,33,19.33548802147901,43.657970497206804
grooming,43948,44021,73,22.954816469401536,42.401934908348366
climbing,44022,44061,39,22.38972488498235,39.97016359047772
grooming,44062,44276,214,24.29798160691493,40.3434377938367
rising,44277,44309,32,27.152048648521685,41.861989440279935
grooming,44310,44364,54,16.81256638460876,42.54033331905586
climbing,44365,44579,214,22.244774470302218,43.88603125923143
rising,44580,44585,5,64.22690257284117,41.69807766672645
stepping,44586,44626,40,130.44981896612143,35.87773051781311
rising,44627,44664,37,23.828301225766452,33.19223293401808
climbing,44665,44741,76,35.11828555311567,63.59047023293567
grooming,44742,44782,40,38.44813190756249,38.004227943853145
walking,44783,44811,28,211.5428613028045,40.85440668032003
rising,44812,44822,10,64.45743610395182,45.764872755765495
climbing,44823,44848,25,78.36833406399172,55.883480820757185
running,44849,44879,30,302.625287319606,39.87066416661184
rising,44880,44892,12,41.84676125130163,42.30779242448458
climbing,44893,44927,34,27.230380977357196,48.6686408525099
walking,44928,44953,25,109.38741156282595,37.4581786869965
climbing,44954,44986,32,48.4988762624975,55.460399877638544
sniffing,44987,44998,11,22.796543622994076,30.648594054691333
rising,44999,45007,8,36.51375678585691,35.759418494898696
climbing,45008,45050,42,37.9074450671532,54.67590560246035
grooming,45051,45060,9,41.3283213343595,38.68959889622119
right_turning,45061,45085,24,184.29319245949722,35.545493565614244
running,45086,45110,24,336.0618622070752,39.797013127942336
rearing,45111,45142,31,28.83100064646409,43.37853385748281
climbing,45143,45239,96,33.47440137486905,50.9014159342865
rearing,45240,45252,12,63.22624144801371,40.95911404022415
left_turning,45253,45264,11,108.57948381041062,37.59611811354457
trotting,45265,45280,15,239.68284921600082,40.137837874735354
sniffing,45281,45316,35,83.69414509946081,39.29621236310412
right_turning,45317,45329,12,120.46065887778309,37.09574667704798
hunching,45330,45347,17,34.10311545346906,39.964957571313576
climbing,45348,45370,22,55.17467145219532,52.83078663424545
trotting,45371,45400,29,243.96473067487304,35.82510479355606
sniffing,45401,45443,42,43.97424000762005,32.86455473399058
walking,45444,45478,34,129.86540801946143,32.4749722392228
stepping,45479,45502,23,108.51208718998741,32.08755925813832
sniffing,45503,45551,48,26.472463547200555,37.6467465682891
trotting,45552,45583,31,202.92005608566768,33.6641931243751
left_turning,45584,45620,36,84.67865120033376,34.141763091093864
sniffing,45621,45664,43,20.683297556073345,31.600448689943644
rising,45665,45677,12,20.7437886756601,34.7287750614408
sniffing,45678,45725,47,34.35550227159684,35.36789761926985
rising,45726,45736,10,28.000745095816423,36.020186545857996
rearing,45737,45754,17,55.919117234595994,47.52149771206368
sniffing,45755,45761,6,53.93856024340198,39.64823470257248
trotting,45762,45770,8,225.6689902265769,42.31645397469338
running,45771,45797,26,357.6223343715225,39.671110058421036
sniffing,45798,45836,38,43.26836309970615,33.79672078819929
rising,45837,45853,16,33.046006194390145,36.26407932864385
climbing,45854,45961,107,33.294697850001384,56.643876590890464
grooming,45962,45982,20,29.603072332922103,41.74354405921089
walking,45983,46016,33,126.43950831763571,35.49933707846692
sniffing,46017,46027,10,75.3382175307626,34.3031789735768
rising,46028,46039,11,58.98335596482687,44.224575061693486
climbing,46040,46073,33,52.935071099255566,52.356087213536235
left_turning,46074,46113,39,154.13233529271358,38.09698530382478
trotting,46114,46118,4,228.27453669997095,38.385535903018635
walking,46119,46123,4,172.5885688559346,41.74627007273313
rising,46124,46129,5,42.784653675352814,44.41788030343604
climbing,46130,46186,56,17.868198882734863,44.80233448446921
rising,46187,46216,29,35.43588268191646,36.52160921299748
sniffing,46217,46224,7,58.19259732295921,30.771062222879863
trotting,46225,46245,20,260.63769053165976,34.503698678555544
sniffing,46246,46258,12,90.23330366031092,32.534819021922566
rising,46259,46268,9,56.83235207294208,38.70917601452057
climbing,46269,46327,58,42.527637517313416,56.64310741401751
hunching,46328,46336,8,40.797126494204946,36.30821271596799
rising,46337,46362,25,33.076137509875565,31.91375991744157
climbing,46363,46391,28,54.01968104632245,42.20342075304385
trotting,46392,46428,36,265.0495756414596,37.97367535025892
climbing,46429,46455,26,46.43252274419539,47.13433125963645
walking,46456,46464,8,223.58856505496865,39.3014751062694
rising,46465,46471,6,67.20064211567004,40.88123951738256
climbing,46472,46550,78,42.659254620413044,53.73521176339556
trotting,46551,46598,47,245.1842015295252,36.10410403241088
rising,46599,46610,11,74.57439857034463,36.51571556376654
climbing,46611,46644,33,49.946917051063885,53.33096177071957
left_turning,46645,46657,12,174.81048441028796,35.39326205766976
running,46658,46670,12,274.62007525827966,38.619040570199644
rising,46671,46683,12,46.8587290532112,37.2547070744594
climbing,46684,46735,51,54.87873506149989,49.92971798069634
walking,46736,46755,19,222.9412342931749,36.266653313205055
rising,46756,46765,9,70.9108471083631,39.46400876619632
climbing,46766,46803,37,46.6202104112402,54.6559949963757
grooming,46804,46813,9,34.64308140737305,39.36933325026784
climbing,46814,46873,59,68.73074967724274,45.26599963927762
trotting,46874,46917,43,265.91258865929177,34.16691551719108
stepping,46918,46961,43,72.44927661978257,31.402175646477385
sniffing,46962,46977,15,55.26490374251433,29.528860960986
rising,46978,47011,33,22.63191424979193,36.6894952472046
sniffing,47012,47106,94,24.384130202204343,34.101431797741355
grooming,47107,47150,43,19.284461483576663,36.165987804733476
right_turning,47151,47187,36,64.04175034272458,35.15087101038277
walking,47188,47219,31,145.6775664621786,36.15388557272995
trotting,47220,47260,40,301.9189232183093,39.407005335113006
rising,47261,47271,10,44.38387518417247,41.305657071085484
climbing,47272,47319,47,18.48805506483892,50.04898510108361
rearing,47320,47327,7,27.960049855072157,43.547175632920926
sniffing,47328,47343,15,66.46965921046883,36.158932083579444
climbing,47344,47430,86,22.109611957091754,40.912583208912146
sniffing,47431,47445,14,83.13229031772688,40.80745826304944
trotting,47446,47461,15,240.82968808636483,39.748887628177556
rising,47462,47494,32,40.893358839435635,36.736000888076425
climbing,47495,47532,37,50.16436287508599,48.86607027103278
right_turning,47533,47546,13,257.55839775732585,35.25673952751309
walking,47547,47562,15,164.927653301908,32.45457137767309
rising,47563,47589,26,35.08664991249505,33.299692268172016
climbing,47590,47681,91,41.665561742155575,58.70045839982737
walking,47682,47708,26,189.62950644218978,36.58473019858917
sniffing,47709,47731,22,17.14342035665569,37.13029951598651
rising,47732,47744,12,26.122959828382825,41.44224682583652
climbing,47745,47771,26,39.686442062403046,53.59089278558226
walking,47772,47773,1,152.60259388772585,42.74785739448946
running,47774,47793,19,320.2038153297695,34.29791619748134
sniffing,47794,47810,16,49.62164194934353,36.131084633956334
climbing,47811,47845,34,33.902711740534066,50.76585891132577
right_turning,47846,47867,21,166.33158980694714,38.448165301772605
rising,47868,47875,7,77.1416691350286,45.74190213473504
climbing,47876,47946,70,32.74912411217146,60.911177033678236
jumping,47947,47947,0,98.45361961113292,48.132638198173865
walking,47948,47948,0,148.28146265370745,41.31164340609973
trotting,47949,47974,25,271.9169665780736,34.993918395276886
walking,47975,47991,16,103.61493847961799,41.381031193238854
climbing,47992,48035,43,29.221078756511325,43.93858792476939
left_turning,48036,48048,12,131.7395507033189,37.50171345302534
sniffing,48049,48069,20,79.03194063087925,38.10832050472074
walking,48070,48106,36,129.34619664069064,35.806642472650225
rising,48107,48159,52,16.614739743432104,38.94476655801883
sniffing,48160,48163,3,34.34270774286259,33.63513226579218
left_turning,48164,48179,15,104.58809111937211,35.28721320952834
walking,48180,48207,27,127.25081468922018,36.90294979642955
sniffing,48208,48218,10,33.33404299179277,35.96852946766232
stepping,48219,48245,26,57.17365812045868,33.04714257472141
sniffing,48246,48318,72,22.910977455156768,31.916180893083453
rising,48319,48336,17,32.38790810280676,36.56676710643197
climbing,48337,48403,66,34.31987503757698,54.230386130310265
right_turning,48404,48425,21,184.14039002856796,36.6233053640093
trotting,48426,48465,39,251.09795517995536,34.13729476729567
rising,48466,48472,6,35.752120678043255,41.67750556312624
climbing,48473,48543,70,47.6935602904307,49.93738279913309
rising,48544,48574,30,24.546637764900602,31.1488154368669
right_turning,48575,48610,35,194.87926036843325,36.599999625785216
trotting,48611,48634,23,225.76435590061988,30.283682781751764
sniffing,48635,48729,94,41.14238431869687,27.924845436704974
climbing,48730,48773,43,27.630738237165602,43.45696757334984
rising,48774,48780,6,30.73325901331287,32.06705363899384
sniffing,48781,48793,12,35.639082676292205,32.28432732277642
left_turning,48794,48828,34,67.91116424305628,30.903479806879
stepping,48829,48858,29,65.32571890549032,32.10196566777434
rising,48859,48870,11,52.934246170215324,36.33018256259154
trotting,48871,48903,32,255.91726070535196,38.65210416790523
rising,48904,48915,11,57.33282324307803,43.37297751071404
climbing,48916,48940,24,37.156063380921076,41.30883834375605
trotting,48941,48972,31,248.9022523677957,40.53610738386206
rising,48973,48983,10,73.28327242268239,44.09613891582063
climbing,48984,49008,24,34.76579835441946,45.88308682234488
walking,49009,49024,15,192.49066190495046,30.649921157290112
rising,49025,49034,9,55.15890747839742,35.33097470158997
climbing,49035,49073,38,38.09028747672979,57.21439811426823
rearing,49074,49105,31,20.87160187538918,37.432289559737654
rising,49106,49138,32,26.65590406851183,31.8976273297813
climbing,49139,49173,34,75.83400157104617,48.57467381324069
running,49174,49181,7,323.68071686036615,40.72366880735932
walking,49182,49223,41,145.775850929734,38.31040222793484
sniffing,49224,49266,42,90.51760439504243,34.41833647086521
running,49267,49298,31,295.5654597256783,37.94705633749992
rising,49299,49344,45,59.512322243632276,38.454985577642354
climbing,49345,49382,37,26.006447954974135,45.596270456500385
sniffing,49383,49389,6,55.11725654272535,34.08390272028417
rising,49390,49432,42,33.61329146901156,39.55814008573264
sniffing,49433,49488,55,19.72014854751794,35.04644446561718
climbing,49489,49540,51,45.60671658793057,52.27349397352342
rising,49541,49556,15,33.45450197454931,30.97686583479173
sniffing,49557,49584,27,41.88838818563114,32.68805436887754
left_turning,49585,49596,11,124.74503711341897,35.7764182335382
walking,49597,49625,28,148.00881079372795,34.10935230304556
sniffing,49626,49660,34,37.61418536831114,31.285837203425274
walking,49661,49665,4,152.51059304374607,30.393657729317862
left_turning,49666,49732,66,117.7189790054872,32.372288826085565
rearing,49733,49753,20,35.752596313729384,37.79788764270571
sniffing,49754,49821,67,20.333238509458436,34.53362669862063
rising,49822,49825,3,39.28891578608242,34.78913580625958
sniffing,49826,49962,136,50.676380997308044,31.801742609755543
walking,49963,49985,22,97.5572660688833,34.18984813572069
rising,49986,50003,17,45.28293292862989,42.862369084103534
sniffing,50004,50072,68,38.30976659182422,33.119403705483236
stepping,50073,50105,32,84.95918113744203,32.403751788806005
sniffing,50106,50142,36,43.316472390770635,32.95266524538462
walking,50143,50180,37,159.43766534233728,30.933003160775414
sniffing,50181,50248,67,36.14198901610419,34.36880696919525
walking,50249,50282,33,157.60045536284278,35.96244535262577
left_turning,50283,50327,44,106.23483609583586,35.579168159184334
sniffing,50328,50350,22,42.61212246111934,32.06198308925537
walking,50351,50375,24,158.2636379982318,34.81844220604191
left_turning,50376,50415,39,80.97312754111681,33.798010256646485
sniffing,50416,50449,33,34.91849068521304,34.91333922771043
left_turning,50450,50463,13,146.08734468855283,38.71568744729257
walking,50464,50471,7,141.2526289770703,44.46048058083692
rising,50472,50493,21,29.82864161125355,42.62751659762528
left_turning,50494,50515,21,99.02357982146651,40.03757053259727
sniffing,50516,50526,10,75.26956034778418,37.42312986095389
rising,50527,50536,9,52.20358079215125,42.47865301992243
climbing,50537,50571,34,22.562143212448536,48.381281141223134
rising,50572,50608,36,29.868506405906338,37.42555773872217
sniffing,50609,50654,45,57.7491800796553,35.987764460269204
left_turning,50655,50685,30,71.15984161494576,33.19329210190801
walking,50686,50704,18,91.07825127540555,32.011545774718606
left_turning,50705,50745,40,91.23516315528967,32.633074320080844
sniffing,50746,50824,78,41.42266930698493,33.31890512105085
left_turning,50825,50835,10,67.3113321932232,33.74688593194657
rising,50836,50850,14,43.329582685332525,37.64829694425037
sniffing,50851,50992,141,16.246448530136423,35.92511242357039
rising,50993,51121,128,41.61873069698011,36.55575485014718
sniffing,51122,51225,103,32.31277690976362,34.78997003704655
rearing,51226,51257,31,35.264922363711975,39.45449210107209
sniffing,51258,51320,62,68.625799902315,37.840884171414054
rising,51321,51361,40,25.596323861174273,39.690132500899885
sniffing,51362,51436,74,14.868082202930063,32.58275273898119
rising,51437,51439,2,26.947573221119956,35.83529525654307
stepping,51440,51484,44,82.6629320510762,35.28566930475401
sniffing,51485,51498,13,99.95824498528437,35.63364948949099
walking,51499,51546,47,148.51814193240273,33.888324917660896
running,51547,51582,35,315.86807463733857,31.467353232088094
sniffing,51583,51615,32,76.23833226861991,34.21263256108564
trotting,51616,51633,17,231.87816872117764,35.916505207162714
running,51634,51647,13,343.00932360126865,32.784188614209405
walking,51648,51681,33,114.27178726935384,34.644671559074084
sniffing,51682,51717,35,65.3896303572073,30.259883443040565
rising,51718,51738,20,35.78027195468506,32.28393975652665
climbing,51739,51819,80,38.30409945890083,54.62629404886111
rising,51820,51831,11,19.964544350994142,33.032791548913934
left_turning,51832,51851,19,83.95581119531175,33.993829519950154
stepping,51852,51854,2,131.26445842836813,39.45501914981254
rising,51855,51861,6,63.960059718177696,41.9022269722063
climbing,51862,51905,43,42.696863867142014,52.2463222898075
right_turning,51906,51931,25,79.87485308127559,32.02439367643172
rising,51932,51965,33,40.777690881686716,35.8391401580284
climbing,51966,52011,45,54.5188056037574,57.583727514175585
right_turning,52012,52050,38,162.68119457584777,36.2152461632932
trotting,52051,52072,21,281.84685525649274,36.25171268223926
sniffing,52073,52139,66,56.72467875976809,30.716648753723877
rearing,52140,52154,14,34.94630835143805,40.8599801736814
climbing,52155,52211,56,36.67359302733482,59.48840416018996
rearing,52212,52221,9,86.76327929078873,40.60736220914037
trotting,52222,52234,12,199.64794485029856,40.05562179953932
walking,52235,52251,16,173.44948063177713,38.57964139376962
sniffing,52252,52409,157,30.827664804094443,35.77181519546433
rising,52410,52420,10,71.00840564248406,35.101805946182736
sniffing,52421,52458,37,32.63562252573532,35.579395272047044
rising,52459,52496,37,18.478093408381454,39.830191471351924
climbing,52497,52511,14,41.691342258911,31.084947803753536
walking,52512,52552,40,117.787804262466,35.46573864165191
sniffing,52553,52650,97,23.992042453864254,33.18299082836487
pausing,52651,52801,150,9.639222226419433,31.00767353819198
sniffing,52802,52849,47,32.21055865167029,33.060033878252796
rising,52850,52865,15,48.90405118939517,42.143247354071164
sniffing,52866,52909,43,56.4509673320489,34.13000265488893
walking,52910,52934,24,120.9600337351793,35.740669695977395
rising,52935,52948,13,45.02968746728538,43.166457366197385
climbing,52949,53045,96,24.880594470616227,42.711817262558164
walking,53046,53083,37,123.00505438707339,33.87128136916921
sniffing,53084,53093,9,42.764338033478865,27.963983022452844
rising,53094,53107,13,45.16204624632112,36.015768874824566
climbing,53108,53167,59,22.8800246332342,47.81260088377155
hunching,53168,53204,36,17.51551717145016,38.72240570520099
rising,53205,53206,1,24.73533591046172,36.62877862165223
grooming,53207,53259,52,16.536383232310648,39.53363504154074
rearing,53260,53260,0,22.658929240474617,38.56587299876878
rising,53261,53279,18,19.740047480704078,34.895119618339635
rearing,53280,53319,39,14.674464761737795,40.30320975931543
right_turning,53320,53363,43,85.35719029429683,38.50659772270116
walking,53364,53437,73,186.4957025232302,36.26732842987469
sniffing,53438,53509,71,57.702612660783,34.738171539126235
trotting,53510,53535,25,260.8307067011038,35.992680223584216
sniffing,53536,53586,50,18.514347629165982,33.62577800712523
left_turning,53587,53612,25,53.89267035937583,35.679482258856375
rising,53613,53622,9,46.491909463105145,41.680096986131225
hunching,53623,53638,15,24.652015156073947,41.90193260233248
right_turning,53639,53651,12,70.59739920229028,33.613312305867304
walking,53652,53679,27,92.94568250170279,34.61969715839543
left_turning,53680,53700,20,99.33134403150817,33.66761411152301
walking,53701,53749,48,78.35994343267926,32.83303090101774
sniffing,53750,53804,54,23.974218284201818,30.773037522063664
rising,53805,53813,8,18.610951397288076,36.860644165465985
climbing,53814,53841,27,33.336669010913354,56.363207929097264
sniffing,53842,53913,71,25.288003636366906,32.1115722236019
climbing,53914,53962,48,32.69507157802293,44.48830226608934
right_turning,53963,53997,34,236.75401519288815,39.563735200118124
left_turning,53998,54031,33,132.98845590432745,34.5850186242108
sniffing,54032,54096,64,29.479098594911985,30.21509876839321
climbing,54097,54133,36,33.05677152711359,36.88998525351118
rising,54134,54148,14,24.11855247719753,36.77765106830372
sniffing,54149,54188,39,33.675368593213264,33.86391278158401
climbing,54189,54214,25,55.49919876904241,57.47465179821676
right_turning,54215,54248,33,205.0354778671897,35.1692832416249
rising,54249,54263,14,56.880723810221326,42.98608510828049
walking,54264,54315,51,96.14211143573523,36.038650390765426
sniffing,54316,54328,12,33.11286928159682,33.732447011863265
climbing,54329,54368,39,37.420235552704014,50.73669803014011
sniffing,54369,54397,28,45.428281750413404,33.027161883483764
left_turning,54398,54407,9,114.98533873789252,35.70667740861148
walking,54408,54417,9,152.32389010173384,40.916252273627435
rising,54418,54423,5,57.28029389762813,43.961640171922916
climbing,54424,54456,32,33.464614646786146,44.06685176753552
right_turning,54457,54457,0,216.232807340378,37.83622201969301
walking,54458,54493,35,221.33027877258854,36.310866268186295
rising,54494,54502,8,78.65849072168415,40.595424751692626
climbing,54503,54530,27,70.98317727024126,48.497426938881404
running,54531,54546,15,328.2828162837031,36.12452707096183
walking,54547,54565,18,181.59955400637082,40.648400300780146
rising,54566,54578,12,89.73928079802036,40.770842335255196
climbing,54579,54617,38,44.17719876264491,47.30269762147106
left_turning,54618,54628,10,111.06562845949674,36.375776544178464
trotting,54629,54639,10,213.41475794533287,37.460180373274994
rising,54640,54649,9,76.2507599957723,39.08980810058942
climbing,54650,54681,31,58.559386774270635,50.501041412453176
trotting,54682,54702,20,255.38640811975577,35.49847522867657
rising,54703,54711,8,77.92974663426222,41.35212643532316
climbing,54712,54752,40,41.06171769882815,44.337482680316434
running,54753,54781,28,335.3270551309858,37.92422787990922
stepping,54782,54813,31,118.86617650461423,32.64066826960163
sniffing,54814,54910,96,19.896176712764543,29.59459307434945
rising,54911,54977,66,15.73319154197767,34.99084306449129
sniffing,54978,55087,109,44.59914325109459,28.525236214573482
rising,55088,55129,41,27.203526626744967,32.71064609634647
sniffing,55130,55177,47,51.61788358905749,31.580155086603963
walking,55178,55198,20,140.16536472386855,35.10780242603814
rising,55199,55256,57,48.9947631744124,33.00849747549657
climbing,55257,55300,43,19.812898056706437,45.72190321441912
rising,55301,55330,29,10.240095236057309,36.97788886982514
sniffing,55331,55373,42,12.086238368734945,36.4093685012718
right_turning,55374,55413,39,213.6805291239043,32.6700872342252
walking,55414,55454,40,153.4899121784237,33.41207684136188
rising,55455,55482,27,25.777624588587805,37.810152746262894
climbing,55483,55552,69,31.982537132214482,55.03113011284648
rising,55553,55579,26,26.632400650554388,30.10721626175067
right_turning,55580,55611,31,167.86387433125483,35.33927508104175
walking,55612,55648,36,124.45965349960366,33.21152108771663
stepping,55649,55680,31,133.16885363669877,33.53359192079169
right_turning,55681,55716,35,84.0034965715743,34.843653402896386
rising,55717,55728,11,35.98953638878942,43.58483320814386
climbing,55729,55756,27,26.136229377348766,55.37583376751218
sniffing,55757,55769,12,47.34717815147162,39.036661482501884
climbing,55770,55795,25,45.88482715098787,51.12192296432469
rising,55796,55798,2,34.14553506859955,38.242773727384396
sniffing,55799,55837,38,58.79755799674307,36.95953913161502
running,55838,55863,25,373.23817718640896,37.60685200300428
sniffing,55864,56000,136,38.719183289037126,34.883590890452695
right_turning,56001,56037,36,71.13974412898828,31.888117924455873
sniffing,56038,56114,76,48.72222752127433,30.89458074724441
rising,56115,56153,38,20.945474183097776,33.531750671491906
climbing,56154,56206,52,34.53438492071761,47.67040992534357
hunching,56207,56216,9,31.700502972754265,36.64549675526346
grooming,56217,56311,94,23.806025950979222,37.982358867862146
hunching,56312,56342,30,19.62043335990651,39.61961821463599
rising,56343,56367,24,22.481835303138247,38.18571433245618
climbing,56368,56658,290,23.298043599490196,42.660608650668706
grooming,56659,56737,78,25.61859600425374,42.195848228113384
climbing,56738,56794,56,23.958956338287482,43.97910628137274
grooming,56795,57279,484,26.687692373620855,41.89093587782405
climbing,57280,57297,17,20.424329770872305,44.43399092885506
grooming,57298,57417,119,22.61100267038124,43.3232370941793
climbing,57418,57455,37,13.628254547633835,44.078945925121104
grooming,57456,57815,359,27.67012320790371,41.19314048442409
rearing,57816,57861,45,21.01311774692865,43.771695556125934
climbing,57862,57929,67,23.043144250323206,45.043349646026385
rearing,57930,58035,105,20.3092257326376,43.73435667679829
grooming,58036,58084,48,21.74100479851865,42.48390591143413
rearing,58085,58139,54,18.88891003113119,43.443349092524336
climbing,58140,58196,56,20.870174625322086,39.632681896275656
grooming,58197,58252,55,29.649787079404934,40.411440212523864
hunching,58253,58285,32,29.227297535198478,40.9266888437115
grooming,58286,58498,212,27.525081041018264,40.54184497498846
hunching,58499,58557,58,22.21385911546919,41.10375208955426
grooming,58558,58662,104,24.233094233901568,40.65584850814827
rearing,58663,58683,20,33.10315289023346,42.154200182425406
grooming,58684,58981,297,25.148675390503527,40.72713266103981
rearing,58982,59036,54,17.756455793542887,41.574821900625864
grooming,59037,59091,54,21.904167986230135,43.84261760539968
sniffing,59092,59146,54,21.6012592832355,40.94397585525024
left_turning,59147,59184,37,93.62365028063427,36.62457760671614
sniffing,59185,59214,29,77.01492761685469,39.154940362208336
trotting,59215,59240,25,229.6002831796511,37.54226250781153
rearing,59241,59274,33,25.98170836653415,43.95606780082369
rising,59275,59280,5,62.10531934588962,39.622494998667975
walking,59281,59317,36,170.92182272979224,35.705662723013795
rising,59318,59328,10,42.41695614390352,42.207926602147815
climbing,59329,59437,108,31.910240029075705,55.74382479969983
walking,59438,59442,4,92.60771627925419,31.877051264685537
sniffing,59443,59461,18,61.648786877103845,36.34448426657434
running,59462,59523,61,311.97536057457495,40.094046020351385
rising,59524,59534,10,63.10909447744841,37.975662497686024
grooming,59535,59555,20,27.33982801322539,39.800845273013294
climbing,59556,59595,39,54.77044540633433,54.96531866637795
walking,59596,59609,13,128.98829155602752,35.4208800599563
sniffing,59610,59643,33,55.586772074875064,32.98425797926214
rearing,59644,59661,17,29.184306559644103,43.09644710527384
climbing,59662,59706,44,40.459130691920976,58.762053347510864
walking,59707,59745,38,193.876325268717,39.53393183985332
rising,59746,59763,17,42.319527209877606,40.652803570748155
left_turning,59764,59766,2,164.97734659049505,35.375775051952786
trotting,59767,59789,22,240.1511753442319,36.762541455369096
climbing,59790,59840,50,26.458839292209365,43.66775430772513
rearing,59841,59870,29,26.88469411418949,44.27574966945017
walking,59871,59886,15,78.52342226742064,39.629572590378025
climbing,59887,59905,18,37.148567657068064,44.91062362658495
hunching,59906,59907,1,45.52390153578848,42.729663270771496
sniffing,59908,59922,14,27.824745228035503,32.13892525216847
rearing,59923,59985,62,22.031350563984283,39.93169863851263
left_turning,59986,59997,11,119.2934609630194,38.4016789402394
trotting,59998,60036,38,273.59385289527063,36.08801259344446
rising,60037,60056,19,44.01719454179053,35.602919614899484
climbing,60057,60096,39,31.418472577048977,40.330145332971234
right_turning,60097,60106,9,319.840913191594,36.749797398445885
running,60107,60130,23,275.4072597227554,31.869210267225288
sniffing,60131,60168,37,57.74533678413984,31.839821262418344
trotting,60169,60212,43,268.2915423069445,32.65813790040733
sniffing,60213,60244,31,30.599455187900595,33.15391903482986
rising,60245,60282,37,31.87578053921708,37.0962782449091
climbing,60283,60367,84,30.71995143896556,60.58135135391639
rising,60368,60374,6,72.46701916040247,39.11824619370325
sniffing,60375,60383,8,89.20837328379609,40.338019807139325
trotting,60384,60389,5,165.8530394899196,38.09844580982155
walking,60390,60463,73,188.638271791766,35.2109938041285
left_turning,60464,60497,33,101.60869196016291,32.53663859733393
sniffing,60498,60531,33,74.8006526997264,36.2773338166657
rising,60532,60541,9,27.70215040207832,38.68430803965988
climbing,60542,60576,34,56.54613412764196,55.56145048119337
trotting,60577,60584,7,206.02442433794974,41.7984690621241
running,60585,60613,28,298.8505635534791,35.23279528781715
sniffing,60614,60637,23,54.15250774393311,32.56673242067106
left_turning,60638,60663,25,61.18409898170531,33.48292243279718
walking,60664,60726,62,187.7537668922152,35.90950363790036
rising,60727,60733,6,65.55310931919578,39.779676219635014
climbing,60734,60774,40,22.352916983746887,39.555087859270756
sniffing,60775,60802,27,25.22641851336462,30.039592377111365
climbing,60803,60849,46,65.91573933813386,53.38401228135506
walking,60850,60887,37,169.85524187415538,32.24140417034166
sniffing,60888,60925,37,82.99740346041847,34.32024692524628
walking,60926,60941,15,205.48120191441888,34.28773040321715
rising,60942,60956,14,37.71246799214461,41.140989759792454
climbing,60957,61088,131,13.62967099598646,39.7591440027287
rising,61089,61112,23,32.19170258189658,35.14053015376608
climbing,61113,61164,51,24.776644478828118,46.028703518473286
grooming,61165,61209,44,15.767337084161102,39.28571155443514
sniffing,61210,61242,32,22.438856381364186,35.19967611558675
rearing,61243,61258,15,17.679240101879163,37.84346611960095
grooming,61259,61301,42,28.021614036857258,41.323306456628636
climbing,61302,61334,32,76.74891683599043,53.72595688771929
left_turning,61335,61339,4,159.0733064994859,43.67207158033102
running,61340,61366,26,284.2098891500739,39.17491425606542
walking,61367,61394,27,204.89640966962702,36.365894547536534
sniffing,61395,61432,37,23.838109848060363,32.92445667228054
rising,61433,61458,25,27.14582753792596,35.16251964487048
walking,61459,61522,63,137.59623327103827,33.189196213693755
left_turning,61523,61543,20,96.73137298504042,30.82545323542616
sniffing,61544,61588,44,18.385296093293064,32.316185893945175
rising,61589,61609,20,20.44165460327922,36.839109669225685
walking,61610,61657,47,131.7226932835684,31.812602273447315
left_turning,61658,61694,36,119.61558586977675,31.281335390629
rising,61695,61703,8,41.6105290887817,41.01751385216659
climbing,61704,61724,20,50.86437934675083,45.78495634856114
sniffing,61725,61749,24,22.76981775905218,35.478294273181724
rising,61750,61769,19,41.433417851111635,39.67005667765612
left_turning,61770,61776,6,110.45343674009662,36.57334027606816
walking,61777,61813,36,145.04077184310447,34.55556881022376
rising,61814,61821,7,57.565932512168615,41.232102443689264
climbing,61822,61864,42,43.527181945057514,49.99683633770898
walking,61865,61906,41,224.11002714605905,34.43072975693743
rising,61907,61914,7,69.68932857202314,41.595582314958094
climbing,61915,61957,42,40.26397150528199,58.31659434691905
walking,61958,61964,6,130.40917114786492,42.2466442424892
running,61965,61996,31,316.3466610656617,40.28577411489469
walking,61997,62027,30,94.40787093822016,39.546939490786734
climbing,62028,62076,48,50.91763757196765,54.117620968005994
trotting,62077,62120,43,272.19105146456985,37.308177029685964
rising,62121,62146,25,50.28071394565291,34.809063893328265
climbing,62147,62202,55,38.902092048493664,50.84656511169237
left_turning,62203,62221,18,107.51644569202668,36.7816907469821
running,62222,62250,28,308.7466930445416,35.14641819627709
walking,62251,62278,27,154.81079393915033,34.33330292113395
sniffing,62279,62330,51,21.680206363205215,33.03234162566147
walking,62331,62362,31,145.18032348881565,32.53904839536335
sniffing,62363,62464,101,30.597169981287944,34.68991895560134
walking,62465,62470,5,119.88093200934674,44.37358579468826
rearing,62471,62496,25,36.41052471024459,42.30342467814343
sniffing,62497,62514,17,38.558010217388784,39.38287792831042
rising,62515,62518,3,62.989047117603384,43.047473390948284
climbing,62519,62569,50,42.643420350452686,53.00072313553323
right_turning,62570,62581,11,185.6681203881285,31.7417154768886
sniffing,62582,62678,96,39.33959437585249,31.245172874815758
walking,62679,62735,56,187.07891874986484,32.5007310167939
sniffing,62736,62768,32,61.17123299163468,33.25372277214071
right_turning,62769,62808,39,89.44210274833577,36.34888579927967
walking,62809,62844,35,80.65764275971223,34.78432557140936
left_turning,62845,62856,11,141.80598005498894,34.09847459303363
sniffing,62857,62941,84,51.548345551258784,31.75505203854309
rising,62942,62950,8,19.900827832989158,32.731132302630996
sniffing,62951,62992,41,27.57247186957103,33.47929006206197
left_turning,62993,63000,7,147.32179557273747,36.91841029216175
walking,63001,63065,64,127.71411445885886,32.9499159712081
sniffing,63066,63094,28,21.646940600722235,32.371069340573264
left_turning,63095,63136,41,97.26198987308852,34.058661943345214
rising,63137,63215,78,32.9851830829213,32.03014238382436
right_turning,63216,63253,37,73.64853766906312,34.929572482203945
walking,63254,63278,24,88.5885030952953,36.071414501234656
right_turning,63279,63304,25,89.67342891391694,38.96270048956637
sniffing,63305,63325,20,36.81833923789527,45.3222148303134
stepping,63326,63338,12,74.95198960292694,33.882376798384634
sniffing,63339,63389,50,30.051629897776092,36.1665920127205
left_turning,63390,63430,40,99.49712205510382,34.224126668085
walking,63431,63456,25,67.97101198797385,32.024453212803806
sniffing,63457,63495,38,48.673676388443724,32.39892678567262
walking,63496,63531,35,176.37365391331298,33.39863491745104
right_turning,63532,63575,43,96.61768646970272,33.69153011771042
walking,63576,63619,43,82.25096536101945,32.82330616118388
trotting,63620,63630,10,194.235867730467,32.43547236500604
walking,63631,63655,24,92.14983590913567,33.60461046631224
left_turning,63656,63701,45,77.59900870457774,29.87202574697385
sniffing,63702,63792,90,41.746146192455846,31.062068499015922
stepping,63793,63849,56,70.37600172636972,31.397880756555853
sniffing,63850,63869,19,53.985951092459786,31.599220745729628
walking,63870,63882,12,97.66527558548947,35.09802519704698
stepping,63883,63921,38,99.85440126805796,37.43207342254201
sniffing,63922,64035,113,31.757495130182168,34.782080449141496
climbing,64036,64108,72,28.10649754795927,59.91566496078798
rising,64109,64132,23,23.52144515166856,35.48785174874556
rearing,64133,64166,33,41.817455037580146,40.47565074830813
left_turning,64167,64179,12,130.77703004823073,35.06202909474358
walking,64180,64204,24,152.0187621511783,34.67133778485796
trotting,64205,64242,37,198.43549382722938,28.325711120953148
sniffing,64243,64372,129,27.697373646485776,27.802804049766575
rising,64373,64386,13,24.454662002509984,29.158249347760904
climbing,64387,64462,75,37.671913783860425,48.55770189625243
rising,64463,64490,27,45.979402312166926,30.883453291821372
right_turning,64491,64492,1,142.5614463861168,33.340915441715666
sniffing,64493,64597,104,35.250031582900434,29.498447533236174
trotting,64598,64625,27,265.51986193276247,32.948942535870934
walking,64626,64646,20,168.81143270506195,30.755524581696488
sniffing,64647,64670,23,29.791230677579488,29.466455851395477
rising,64671,64686,15,20.43492912832573,35.32099392449911
walking,64687,64688,1,49.71097376855333,40.54825326820512
sniffing,64689,64738,49,53.05755058356625,37.22398277489706
walking,64739,64765,26,124.35834176086254,33.084117408623506
stepping,64766,64810,44,83.5774511738859,34.727295082596555
walking,64811,64844,33,197.74457944903725,35.1899815939683
right_turning,64845,64866,21,67.87161787774268,34.64830836625277
trotting,64867,64898,31,264.623776502425,30.149573957642275
left_turning,64899,64914,15,74.98372482490663,29.49505427594939
sniffing,64915,65118,203,29.449608895151236,35.62658720883695
right_turning,65119,65164,45,53.24310450577016,38.27528267361211
sniffing,65165,65193,28,30.13990798233232,31.795013790414338
trotting,65194,65216,22,232.19930655918125,36.98488356564942
walking,65217,65243,26,169.29956645258804,33.343441967170904
trotting,65244,65269,25,277.39447838631617,33.89854319820983
rearing,65270,65286,16,29.303780194156378,44.93854286341224
grooming,65287,65398,111,18.08404846225323,40.303280367981884
sniffing,65399,65583,184,44.64801457991654,35.47786988170316
hunching,65584,65620,36,26.725221851673876,43.219468162589536
sniffing,65621,65709,88,40.29083511217193,36.077620059625666
rising,65710,65726,16,39.59325397263617,38.62166946482351
sniffing,65727,65779,52,28.924856702079584,35.071696197250006
left_turning,65780,65816,36,86.10394303874476,35.26822898221149
walking,65817,65849,32,194.5542461872239,32.32860017034574
sniffing,65850,66056,206,24.772482683662126,31.813921346408513
grooming,66057,66103,46,16.717221110041088,34.05173344085892
sniffing,66104,66173,69,20.145527058170494,29.843418109519234
climbing,66174,66213,39,48.86864050718818,42.725262875962386
left_turning,66214,66225,11,192.52216892490253,36.773967170703436
walking,66226,66245,19,173.00953927539783,32.07455365838435
sniffing,66246,66284,38,24.42010514254279,33.70569171061764
climbing,66285,66324,39,50.16746755815096,56.906104841752494
right_turning,66325,66335,10,144.1418480112982,32.05082183479706
rising,66336,66340,4,101.70302990717911,41.9819460819996
climbing,66341,66377,36,49.46933871949757,53.85622777538741
right_turning,66378,66394,16,165.0219859311298,34.61227780910871
rising,66395,66404,9,64.0256771598556,43.60801927604747
climbing,66405,66464,59,50.277516216896856,49.5538591490769
trotting,66465,66510,45,279.28475378005794,40.58102192540559
rising,66511,66522,11,64.17489207396461,41.87290826416398
climbing,66523,66549,26,55.65926619109965,51.57788659832657
trotting,66550,66555,5,227.14682852480712,38.506955199791385
walking,66556,66562,6,200.06417241865535,41.035759210812635
rising,66563,66569,6,90.50721875936313,44.417731272889384
climbing,66570,66601,31,75.24126532014006,51.520923904807525
trotting,66602,66617,15,268.7886084064048,39.503874552871906
walking,66618,66637,19,72.57432904144969,42.67453779465387
jumping,66638,66638,0,44.02069646152924,54.763661885676754
climbing,66639,66694,55,38.151247953201974,50.53158578085989
rising,66695,66710,15,24.401866061804906,31.880666227970167
sniffing,66711,66782,71,26.690971421893334,32.22110966528276
left_turning,66783,66803,20,121.49816099531265,40.765554149215944
running,66804,66833,29,373.70938192659463,36.339928030169546
rising,66834,66864,30,31.600501288631282,37.041614692994756
sniffing,66865,66889,24,23.81062007684146,35.144957631939405
grooming,66890,66934,44,15.134151052865509,35.91018404591784
rearing,66935,66956,21,51.588806334196654,44.0718906114189
sniffing,66957,66998,41,42.30813507211259,32.10126672719777
right_turning,66999,67042,43,82.03059994724015,36.311575104681744
sniffing,67043,67054,11,104.03605895538736,38.789278290701844
rising,67055,67101,46,34.3592033513048,45.0656558936785
running,67102,67129,27,365.55127122229106,38.62042889144313
rising,67130,67167,37,81.12105344174537,40.380254579750485
climbing,67168,67195,27,38.61060967591771,48.92230981196843
left_turning,67196,67207,11,174.71448059047285,37.906627647554
walking,67208,67229,21,208.94519787626416,39.69974376091062
rising,67230,67235,5,54.136076309638334,41.836392310219956
climbing,67236,67271,35,62.58497717806319,60.27935287371554
grooming,67272,67283,11,40.24737982043956,38.91204762348472
sniffing,67284,67323,39,30.50148524141955,32.33485135359964
hunching,67324,67338,14,25.056828527053547,35.569526215418925
climbing,67339,67389,50,31.048993333090635,43.581468592718124
rising,67390,67397,7,39.88206801945883,31.84978645755578
left_turning,67398,67427,29,58.42924266419556,35.868057926799565
trotting,67428,67457,29,226.40986346729986,38.9176392375414
left_turning,67458,67496,38,81.7607090431045,36.6338703448331
right_turning,67497,67529,32,68.53128147658977,36.701750791845676
stepping,67530,67563,33,83.91837465007022,34.29187610086461
rearing,67564,67603,39,26.52573264530546,41.36717039214787
grooming,67604,67661,57,17.164691144033156,42.286323177570324
sniffing,67662,67676,14,58.53413645008694,33.429881162294045
rising,67677,67704,27,34.86436994268686,39.86941369005351
sniffing,67705,67746,41,64.03103703169423,32.99136026524944
rising,67747,67762,15,33.26774056608835,40.84986319879391
climbing,67763,67800,37,53.50218867986221,51.45430145693109
walking,67801,67815,14,106.26672275788145,32.4901820037564
sniffing,67816,67923,107,19.954812356099676,32.96014886885792
rising,67924,67963,39,29.579465472855656,34.53553388151961
climbing,67964,67998,34,51.32086359012742,50.286664456057714
left_turning,67999,68020,21,106.01043575002801,37.88249010173868
trotting,68021,68063,42,274.66859406434355,34.91851039422957
walking,68064,68098,34,159.49408883534525,33.824722875736825
sniffing,68099,68129,30,83.82848574608448,38.13126081721675
rearing,68130,68221,91,16.87085217651975,44.63551685078665
rising,68222,68235,13,16.334579539818797,42.97034814482938
sniffing,68236,68243,7,42.333511616870936,39.51144827713537
walking,68244,68270,26,75.0993228238524,36.555006075398886
sniffing,68271,68307,36,29.907896645271613,37.325564350920175
left_turning,68308,68315,7,108.16986362740457,39.52703744730603
walking,68316,68335,19,183.96357384975266,30.372980023950475
rising,68336,68349,13,43.11164605987581,37.02563931137269
sniffing,68350,68381,31,52.936977773633316,32.97843927898885
walking,68382,68424,42,112.66542859963769,29.065757093006372
sniffing,68425,68513,88,20.103391585447543,29.579676739282323
grooming,68514,68573,59,15.581969342516334,33.5713268180448
sniffing,68574,68629,55,22.550762240397482,32.30874013362345
rearing,68630,68638,8,30.831498740241507,39.54996619536044
climbing,68639,68670,31,55.434805897231016,51.37822738701454
grooming,68671,68673,2,57.9848081858203,36.45827827917659
left_turning,68674,68690,16,111.80743393695641,38.688967548458855
walking,68691,68713,22,165.94108332468048,36.334794365249785
trotting,68714,68730,16,215.75977434763377,33.29286063964367
walking,68731,68773,42,100.9100950330262,33.981637012965116
left_turning,68774,68800,26,118.75596845245519,32.15990556735753
rising,68801,68819,18,34.84135729946447,33.65329595756766
sniffing,68820,68825,5,54.22928946230663,32.26824550392208
left_turning,68826,68836,10,88.39092915000711,32.610095965928686
rising,68837,68866,29,32.605212412133554,37.2743890274261
rearing,68867,68891,24,17.32101485029645,35.48429999021595
rising,68892,68944,52,18.507629149683666,37.090978517902236
rearing,68945,69000,55,22.085860265535953,39.92385336124588
hunching,69001,69060,59,22.9682385585381,39.615379558709236
rearing,69061,69111,50,23.626146886903044,40.38463566018166
grooming,69112,69168,56,26.923833911831924,38.32278405919005
rearing,69169,69282,113,22.257856427639204,40.38994366404234
grooming,69283,69338,55,21.618854856181617,40.07815988915594
rearing,69339,69498,159,21.978590919345425,41.14430431040141
hunching,69499,69635,136,21.97125761935331,41.61412141143473
climbing,69636,69694,58,38.47467261637219,40.72856685240788
rearing,69695,69715,20,35.520820182199046,40.22115160132801
grooming,69716,69925,209,26.44215515608833,36.672116832673346
climbing,69926,69995,69,21.742394475441746,42.572457114326774
grooming,69996,70058,62,36.341837208431045,40.24174474873755
climbing,70059,70123,64,28.343646966025844,41.7781908427478
rearing,70124,70237,113,26.896446723568975,40.42787648984681
hunching,70238,70248,10,35.0310913603129,39.55466683657383
grooming,70249,70308,59,27.781063900182975,36.78842424473426
hunching,70309,70355,46,24.322680635798033,39.67442284612129
rearing,70356,70403,47,29.041199229509306,39.82545117301897
grooming,70404,70498,94,25.98367085084129,36.57201252985357
rearing,70499,70518,19,28.581858350245927,38.38406638456168
hunching,70519,70669,150,24.68005137187199,39.43065108935525
rearing,70670,70808,138,20.0063681966123,40.412934336125886
rising,70809,70868,59,21.52441765506496,37.690417457936036
grooming,70869,70975,106,20.941530440084254,39.89251742975238
climbing,70976,70992,16,20.29972676247461,40.61274593287855
rearing,70993,71027,34,26.34055645577747,40.470735473499175
sniffing,71028,71062,34,19.468948705405506,34.771825384741284
rising,71063,71114,51,23.534589061044535,37.524995040750355
sniffing,71115,71173,58,26.723738158024148,34.78540387054753
rising,71174,71183,9,47.224238208045946,42.85903084051618
climbing,71184,71219,35,25.613481167056065,47.18123631288779
rising,71220,71270,50,27.924046355906192,39.96649712674677
rearing,71271,71390,119,23.7284240203813,41.17565164339515
rising,71391,71450,59,19.825243595966572,41.40750524826621
rearing,71451,71488,37,22.09579671237514,41.55790701663367
climbing,71489,71510,21,42.94784009365113,41.88896016759409
hunching,71511,71517,6,32.15280101944636,42.95233005365851
grooming,71518,71712,194,28.91945250337754,38.56844256950288
hunching,71713,71734,21,19.108242775531373,41.52844600368415
rearing,71735,71784,49,29.130331319742492,41.188258708477264
climbing,71785,71902,117,18.755145616959403,43.97424549762176
sniffing,71903,71931,28,22.63189009745368,35.76835092418875
hunching,71932,71934,2,18.80331712041875,39.6756539426705
climbing,71935,72000,65,19.600116415536295,42.08329373952522
rearing,72001,72117,116,15.126163542023273,43.63596885209832
hunching,72118,72236,118,22.12140823471443,40.15902853401661
rearing,72237,72259,22,22.816721782091843,41.877878727902555
hunching,72260,72319,59,27.544113884904338,38.6835794771938
grooming,72320,72460,140,32.3424764784653,36.74212124700066
rising,72461,72477,16,69.14200077888532,42.07415384977695
trotting,72478,72522,44,274.3193095178595,41.94758202037846
walking,72523,72536,13,206.4753999596953,38.00939578264171
rising,72537,72551,14,35.017664800555885,41.777972686194
climbing,72552,72751,199,33.50254609140493,51.94325350695889
right_turning,72752,72759,7,240.4748854658645,40.627017881208616
walking,72760,72790,30,192.44988665243451,40.525024647381045
stepping,72791,72830,39,112.72934920553239,35.16115395984193
climbing,72831,72892,61,53.20301462538701,50.683595722627
running,72893,72911,18,309.41139779295327,39.624165198552234
rising,72912,72918,6,70.43481726993836,42.593399254227684
climbing,72919,72951,32,48.34443106685263,50.8189640803899
right_turning,72952,72963,11,233.34545589358106,37.6129660207062
walking,72964,72981,17,124.78280864657543,41.65785400016419
climbing,72982,73005,23,76.83394180547374,49.52367063186608
running,73006,73008,2,274.6718951329683,37.96877949471096
trotting,73009,73020,11,286.0303027297059,36.93264752133815
rising,73021,73030,9,52.1669795089457,39.080434603551986
climbing,73031,73047,16,61.508254897215785,48.02598467857113
right_turning,73048,73049,1,196.4731736440504,35.237732826682695
running,73050,73065,15,282.41456671957087,34.992935888031994
rising,73066,73083,17,53.65586192394886,39.69957500053326
climbing,73084,73135,51,59.819928647581634,54.169390007063
rising,73136,73155,19,45.19741847687563,30.80841238359401
right_turning,73156,73168,12,104.1084858302804,36.16689170672374
walking,73169,73213,44,174.89428996203966,36.91965580100595
climbing,73214,73277,63,46.27038153444765,50.35936247583135
walking,73278,73306,28,170.01522710319884,35.62506673379573
hunching,73307,73311,4,38.59002895128292,43.58761694391776
climbing,73312,73371,59,46.78710372142191,52.43051448891336
trotting,73372,73385,13,209.81592579398657,37.625307051617746
rising,73386,73396,10,81.90001556336037,40.524473075697514
climbing,73397,73443,46,36.99850949228197,46.67563060631902
sniffing,73444,73454,10,33.742508871228935,33.455860114064386
walking,73455,73478,23,146.73566647422638,33.4502859265702
rising,73479,73494,15,65.54776570051399,39.79875587473252
climbing,73495,73548,53,57.18159387189358,52.59278138911779
left_turning,73549,73558,9,184.1879480595441,38.84690396211689
running,73559,73586,27,366.9540813630346,37.26868934143364
left_turning,73587,73658,71,80.6621629532311,33.70447451992595
running,73659,73679,20,392.13559380404973,42.56477978329507
walking,73680,73707,27,177.67626045364776,33.42489302202485
rising,73708,73720,12,42.763166426756776,39.329945983859474
climbing,73721,73814,93,28.13014685187841,52.00282705448522
sniffing,73815,73836,21,49.11596391861905,35.75249691867853
walking,73837,73870,33,132.68807073358073,35.59493498145599
trotting,73871,73907,36,262.2483579972337,35.61885171565316
sniffing,73908,73933,25,18.50542292528215,33.14581835378021
walking,73934,73978,44,151.08931578518678,31.560852905721195
sniffing,73979,74027,48,46.926020909808,34.82863897061835
grooming,74028,74082,54,27.658661720373924,38.850592892440936
sniffing,74083,74099,16,45.39056426169867,30.732617486432353
rising,74100,74110,10,59.508628276089574,36.60788510854112
right_turning,74111,74133,22,112.95621031781558,35.415004548634826
stepping,74134,74164,30,64.01346070187309,36.07571027239963
walking,74165,74197,32,191.17769268874065,37.6177957437472
stepping,74198,74217,19,108.51309250083185,37.67271038605349
sniffing,74218,74241,23,78.76803374563696,33.14426865499173
rising,74242,74249,7,25.432672129871314,37.75822046913808
grooming,74250,74299,49,28.304184315947754,37.50225672476469
walking,74300,74342,42,128.87392263101054,30.6483805565602
sniffing,74343,74388,45,23.493893067164528,34.93632471176455
walking,74389,74424,35,128.7208952564864,31.78361540776221
rising,74425,74468,43,33.10990771165665,41.866435266006654
climbing,74469,74556,87,39.12637721090357,42.551258485498956
trotting,74557,74593,36,281.7658422205932,39.35352713606469
rising,74594,74619,25,76.11858065386261,41.512700077638065
sniffing,74620,74668,48,18.40875773697882,32.75064664569036
climbing,74669,74833,164,31.535756707034242,56.92672606438765
right_turning,74834,74837,3,267.50645149655253,40.693190973821835
trotting,74838,74857,19,299.84636685125304,42.08194892589479
rising,74858,74870,12,100.44274705697927,42.50762108573862
climbing,74871,74909,38,44.49879988284887,52.97687631781557
right_turning,74910,74954,44,160.82861657735518,41.38271989390782
climbing,74955,75042,87,43.00649784491944,42.97370829896584
hunching,75043,75067,24,80.90259554386829,37.53962225997241
right_turning,75068,75086,18,310.7928152754962,40.25926575577249
walking,75087,75095,8,147.8150295393931,45.04111328800929
rearing,75096,75130,34,42.330786167732974,45.982352076956
climbing,75131,75167,36,17.7704160939282,47.32978526348051
rearing,75168,75217,49,27.739402067783075,47.52400657888484
climbing,75218,75334,116,21.524608195592197,51.71119325197362
stepping,75335,75365,30,104.647636316879,39.03615731631471
climbing,75366,75454,88,43.84627652185773,53.30759232382724
grooming,75455,75469,14,81.31431535576704,41.828757073177485
trotting,75470,75474,4,235.548609670669,46.434877320057936
walking,75475,75506,31,126.27912720085521,41.31956632419786
left_turning,75507,75513,6,128.3580169266776,36.533638548873746
trotting,75514,75524,10,213.13671607265434,40.48996314112705
rising,75525,75550,25,48.76411043603054,42.65061168181962
sniffing,75551,75580,29,51.37121232596475,35.389587050470695
rising,75581,75679,98,35.28877716884019,38.30538344998958
stepping,75680,75723,43,105.18449237712139,35.86082029886587
hunching,75724,75728,4,39.37266627176571,38.57979886336806
climbing,75729,75763,34,49.60993122835146,48.48391831901297
trotting,75764,75767,3,201.85125574787932,34.044278049807964
running,75768,75781,13,297.27447041840105,35.26940735975704
walking,75782,75789,7,73.25541746741979,41.16916661881565
climbing,75790,75823,33,39.43086367353936,43.69573601982224
right_turning,75824,75842,18,130.3731706360099,38.79290472753936
walking,75843,75855,12,118.32533410864446,45.06815036993787
climbing,75856,75895,39,43.79861271738707,45.1561355888211
running,75896,75904,8,240.16983803156302,35.91681143337109
rising,75905,75918,13,78.41400448134789,42.71240028708104
climbing,75919,75960,41,44.68314255859315,41.741866200890335
walking,75961,76001,40,133.8652121428347,34.575375533279
sniffing,76002,76039,37,59.32627864774867,29.61580792669629
walking,76040,76071,31,181.50389507425984,30.558886192494622
sniffing,76072,76094,22,27.044084028419697,28.910919550308133
rising,76095,76118,23,42.704788710892196,38.37922194248848
climbing,76119,76219,100,50.334325125542236,54.93385431346084
right_turning,76220,76246,26,78.55370632992451,34.69026962962371
trotting,76247,76283,36,290.85878183346483,34.14375057807773
rising,76284,76305,21,44.45331309675577,41.08899619265957
sniffing,76306,76309,3,35.725431999365284,35.37944070108746
rising,76310,76338,28,18.491360300351012,35.43793338334132
sniffing,76339,76493,154,26.003277809549328,27.980644790048775
rising,76494,76507,13,22.539542978865324,33.54625452362404
climbing,76508,76593,85,23.421466557381404,48.34431541553476
rising,76594,76598,4,44.11834619331502,37.445642063075276
sniffing,76599,76669,70,24.87998656170416,27.382569838276915
rising,76670,76688,18,22.306735862901927,33.49324814907147
climbing,76689,76782,93,25.106539606947138,42.00968566077532
rising,76783,76890,107,25.98942029544033,33.04806880966537
grooming,76891,76925,34,20.88393731819277,38.53001613941821
rearing,76926,76944,18,51.5424791047677,38.82992334768469
walking,76945,77016,71,186.52345093066603,34.1502486509931
sniffing,77017,77098,81,23.42675226650918,32.06149062160806
rising,77099,77163,64,29.226173928777243,39.239028665828904
sniffing,77164,77267,103,17.67200608857759,31.639816629842503
rising,77268,77299,31,19.795683923483573,34.07733521388165
climbing,77300,77330,30,25.906490364083677,45.190468165943635
sniffing,77331,77383,52,27.932942251948628,32.08767743281833
left_turning,77384,77400,16,148.66408435744515,38.36187690395118
trotting,77401,77442,41,278.02012764691324,39.38108138984162
sniffing,77443,77462,19,38.74826043707388,36.04057228746823
rising,77463,77480,17,39.76707512913827,39.68065334463341
climbing,77481,77507,26,67.50503643714781,60.534197354257095
right_turning,77508,77511,3,137.68924335976507,36.75645539090773
walking,77512,77526,14,85.62315095656177,33.93337034019588
sniffing,77527,77603,76,21.21637996984274,28.12733644510841
rising,77604,77619,15,33.81163224731205,35.809010635914476
climbing,77620,77651,31,43.25805663325798,62.553117579709664
rearing,77652,77679,27,27.854291474559883,41.19607925797717
rising,77680,77687,7,65.23928394674415,35.336801072458826
walking,77688,77733,45,142.56453911743765,31.28923635801143
sniffing,77734,77830,96,48.9832313132662,31.716133746487632
left_turning,77831,77841,10,126.28513043372945,37.85140055425197
sniffing,77842,77842,0,90.14392016885176,37.68792613532349
rising,77843,77851,8,67.16494304577945,40.40045617319344
climbing,77852,77868,16,59.65261571427868,47.04089794276583
walking,77869,77870,1,185.94974810062632,38.10583215426031
left_turning,77871,77894,23,104.25367592851414,34.63335045449141
walking,77895,77926,31,104.33780811160534,32.42509258933153
sniffing,77927,77995,68,30.273923920474296,28.22715207313423
rising,77996,78029,33,25.747421318577935,31.677064764154373
sniffing,78030,78184,154,27.292632917634464,32.145174377461
rising,78185,78189,4,43.937794844207204,43.107106631829836
climbing,78190,78204,14,59.61385404650887,47.9558575095565
walking,78205,78221,16,224.0466162934057,34.7663234477
sniffing,78222,78300,78,53.512779138733535,34.69918763431019
walking,78301,78337,36,184.09956169821947,38.0395655721997
trotting,78338,78374,36,236.39802591359512,38.63197448566956
left_turning,78375,78408,33,133.75293639068715,32.845958213013375
rising,78409,78420,11,57.58375730907958,39.0752564304826
climbing,78421,78447,26,35.142270955164896,40.93983194552176
walking,78448,78450,2,57.458069330081706,29.540113307629458
sniffing,78451,78503,52,27.950992332626434,26.814830564630984
walking,78504,78602,98,141.77604621127318,33.19212433817302
rising,78603,78657,54,22.762602255125714,32.997717908156076
climbing,78658,78700,42,39.78815796682467,65.16560174687753
rearing,78701,78722,21,28.931083460253333,41.48092948783903
grooming,78723,78737,14,40.40958218567059,40.70948093474792
sniffing,78738,78873,135,24.44473392988441,31.259980214686692
rearing,78874,78888,14,51.73052382830456,37.48592754541441
running,78889,78896,7,297.900214239665,43.272648753396986
trotting,78897,78941,44,235.21560237489223,33.671802503712584
rising,78942,78978,36,35.35400615242277,37.684572966491956
sniffing,78979,79008,29,42.5006246702709,29.180521913585867
walking,79009,79088,79,144.78727150645182,33.88586582581563
sniffing,79089,79100,11,50.26325679591323,33.34259456026725
walking,79101,79134,33,180.64800636638918,33.412846336531814
sniffing,79135,79222,87,30.95339167474397,31.01761767624906
hunching,79223,79252,29,29.750863871089233,36.39772457041417
climbing,79253,79302,49,70.52269617115621,57.8806684173178
walking,79303,79331,28,219.31635823783444,36.22595544897124
sniffing,79332,79367,35,22.929703110391515,31.043711059006746
left_turning,79368,79422,54,110.25212473712033,32.11808565989992
sniffing,79423,79454,31,32.60507386694495,34.68296958811028
left_turning,79455,79468,13,148.12068672019382,34.44838962092996
running,79469,79490,21,309.78651481405973,37.06474935911684
left_turning,79491,79512,21,126.60315076884372,35.37025065778664
stepping,79513,79545,32,92.29974679601794,33.623487641042324
walking,79546,79593,47,70.64141596741128,33.829555685182676
sniffing,79594,79632,38,57.87240895885346,31.86354807345805
left_turning,79633,79675,42,77.50601255589686,30.243359320226624
rising,79676,79687,11,31.368739209349034,33.7418244417052
climbing,79688,79721,33,33.649048499915665,42.34720552781254
rising,79722,79794,72,30.691010133094004,33.01729917248094
right_turning,79795,79823,28,74.37239400467875,34.014084756202095
sniffing,79824,79846,22,45.45464015290152,33.48059455450986
walking,79847,79876,29,208.82056399175087,32.855488359877924
rising,79877,79915,38,53.365394388844344,36.494157370688136
sniffing,79916,79942,26,73.68646145487438,34.50675667406812
walking,79943,79986,43,134.27353386926097,34.08055685919753
climbing,79987,80052,65,51.25317595641575,56.652358602183746
trotting,80053,80073,20,218.23359652717565,38.84763394764373
rising,80074,80090,16,64.28214639768997,43.79478503407906
climbing,80091,80161,70,38.95750355635268,52.29559682819935
trotting,80162,80171,9,210.02950738304307,37.13193160790968
walking,80172,80215,43,152.51667060170337,38.58488500669992
rising,80216,80228,12,59.397315646789174,39.41774445638493
left_turning,80229,80235,6,111.51814444550155,33.90084568465006
walking,80236,80278,42,180.07836582700486,37.2605494196476
sniffing,80279,80317,38,26.00615715552439,34.90168978435694
left_turning,80318,80331,13,95.5092936557008,39.768032647342785
running,80332,80359,27,294.8737182292067,40.90903295548582
rising,80360,80375,15,52.761041556942274,46.04931465675704
climbing,80376,80415,39,25.108394049348064,54.437053826008004
rearing,80416,80439,23,53.67307760267523,44.86971490468651
rising,80440,80466,26,76.99246701216674,43.75149657123267
sniffing,80467,80478,11,50.958220222858934,34.21226678387824
rising,80479,80491,12,50.50159898558404,38.29600751846681
climbing,80492,80577,85,27.606770789767683,54.464215458718385
sniffing,80578,80766,188,34.98754172147909,33.83846650741158
walking,80767,80822,55,102.81952859418803,34.24824207113766
sniffing,80823,80870,47,58.8990181949434,34.0695524673717
walking,80871,80908,37,99.28927976048753,32.772662309793404
left_turning,80909,80932,23,61.539316096894616,33.6992562477889
rising,80933,80968,35,29.29151211778665,35.743674807098756
climbing,80969,80992,23,35.148740404870466,50.46346264084699
sniffing,80993,81040,47,31.898180770601893,32.67757595906974
rising,81041,81061,20,21.60182767347045,36.24841392613254
climbing,81062,81088,26,49.056610746753705,52.01567079680553
left_turning,81089,81121,32,69.06741232926788,35.82301965385549
trotting,81122,81177,55,213.45089082049844,39.837037185974154
sniffing,81178,81298,120,30.044159143722965,33.97992505565025
rising,81299,81334,35,35.80421820443168,39.264278946663424
walking,81335,81350,15,85.92278354022838,39.51210576551347
climbing,81351,81394,43,41.41024875632332,54.819266973291114
walking,81395,81430,35,118.91797197007057,33.892839527999776
rising,81431,81493,62,31.02375098851964,38.982965323142544
sniffing,81494,81530,36,17.186400470644532,34.81487704162516
rising,81531,81569,38,41.418005673219156,38.75119239090481
climbing,81570,81607,37,45.84862750919765,54.622098789300374
sniffing,81608,81612,4,87.18565684474936,37.473032385638454
left_turning,81613,81643,30,145.65749893533197,37.258743856949195
running,81644,81672,28,336.0062263406977,37.04940638545017
rising,81673,81689,16,64.12661505736146,38.52759239141009
climbing,81690,81734,44,53.49500005792348,54.91500451529652
left_turning,81735,81741,6,132.61845829143397,32.730205055677
sniffing,81742,81763,21,103.62308155576703,34.44374566071215
rising,81764,81783,19,27.137909768114202,37.71843534915076
grooming,81784,81843,59,14.47332126373536,38.52779225476335
rearing,81844,81898,54,13.725789581312437,38.499240061046535
sniffing,81899,81937,38,69.25805304888905,34.645136485592765
rising,81938,81960,22,70.91522941236889,41.078531164998175
walking,81961,81991,30,198.5348387342299,37.649035828515075
rising,81992,82013,21,42.42034182087298,39.99975010571178
stepping,82014,82036,22,111.0323282804916,36.4980965468406
climbing,82037,82074,37,52.54601705117667,56.1023322221418
right_turning,82075,82092,17,119.20181190535936,39.52337428127105
walking,82093,82167,74,155.41387679341486,37.913780519352386
climbing,82168,82233,65,38.07184824198577,57.78234179788944
trotting,82234,82242,8,237.85612047401048,39.21199141184013
walking,82243,82267,24,163.13238275813143,39.94068824532861
rising,82268,82273,5,66.77616773058513,42.18580867398182
climbing,82274,82333,59,54.35253270745466,49.8275404654861
right_turning,82334,82364,30,179.63021934463006,39.35075017703599
climbing,82365,82399,34,43.32721362778656,46.069128041086486
sniffing,82400,82488,88,36.83842107007307,31.46311818496361
right_turning,82489,82520,31,82.42741016923028,34.19637070218276
sniffing,82521,82530,9,86.71436232185539,41.891792701237534
rising,82531,82539,8,40.75336066957548,40.659981159654045
walking,82540,82610,70,181.34581916885156,34.629361009226244
sniffing,82611,82647,36,61.132611847522085,33.784251994248486
stepping,82648,82687,39,83.5529252156197,32.02562106715614
sniffing,82688,82695,7,41.17366899097311,33.418293587859495
rearing,82696,82747,51,15.479834272581435,40.292233503919604
rising,82748,82776,28,20.252239916206488,39.295882794436096
climbing,82777,82804,27,37.16379570403097,53.78779111872583
grooming,82805,82834,29,47.73787389550352,40.54883077583011
left_turning,82835,82853,18,119.69165621874289,37.20716130816065
running,82854,82868,14,307.9821374371726,39.538053606738664
rising,82869,82887,18,58.358734990186015,40.64553325941641
climbing,82888,82929,41,34.906310237648846,58.16887328031295
walking,82930,82933,3,55.226499761367926,38.42737593425775
sniffing,82934,83033,99,19.980664135133388,31.607510013958795
rising,83034,83048,14,25.283088789535523,33.912990248107384
sniffing,83049,83059,10,87.2022646891574,32.883660561882365
left_turning,83060,83065,5,177.21595894725328,36.8445519487886
running,83066,83098,32,318.78332955247623,38.2021003813397
rising,83099,83111,12,43.64947844611874,43.88470633567754
climbing,83112,83150,38,29.919979975704198,45.116343580985145
trotting,83151,83156,5,117.42142690148309,36.394692331032196
left_turning,83157,83184,27,73.9498266186617,36.4365112968131
rising,83185,83203,18,27.190587083971256,39.03107203968388
climbing,83204,83269,65,41.0204524248349,55.308090591408885
stepping,83270,83294,24,88.83059430867772,31.88645703539455
sniffing,83295,83350,55,17.910483170182516,26.56564817591925
rising,83351,83376,25,26.034634409543322,34.131469807831806
climbing,83377,83484,107,16.8572154209594,43.7102873301339
hunching,83485,83501,16,44.1308102318241,36.69498676010018
stepping,83502,83538,36,102.0500433614377,37.41513179358666
right_turning,83539,83583,44,67.02269227084415,37.640507992531575
trotting,83584,83631,47,285.6572168840885,34.77237482362603
sniffing,83632,83669,37,72.27759308807398,35.276253832518044
trotting,83670,83717,47,227.25018387556568,38.102724778959505
walking,83718,83744,26,154.24331808471422,35.14780772355117
trotting,83745,83772,27,236.99163609079736,37.608468439994944
rising,83773,83801,28,77.75644542163639,33.10066154370225
sniffing,83802,83904,102,22.932008378901894,30.262061522962718
rising,83905,83928,23,28.993248838292015,37.54811222870355
climbing,83929,83979,50,39.09173656113531,54.7776712127485
sniffing,83980,84021,41,39.69516859059469,30.516651411409075
left_turning,84022,84035,13,78.03090506893743,37.720522816997565
walking,84036,84071,35,164.70063187282824,37.476957859199814
sniffing,84072,84090,18,49.46088216777726,29.059049798530744
trotting,84091,84113,22,244.01343755025783,31.910074829697436
rising,84114,84124,10,54.59469966344132,37.28064799078917
climbing,84125,84348,223,17.799050927564387,44.699559958628434
rearing,84349,84375,26,26.687507212162473,36.22913039063339
grooming,84376,84528,152,17.615894303454105,36.443472353479024
hunching,84529,84539,10,29.336681878740198,33.37602007058813
sniffing,84540,84588,48,61.226174624288504,34.409519102955066
right_turning,84589,84637,48,64.78837425464863,34.355831038865794
rearing,84638,84703,65,21.827991922522834,39.951398166917876
left_turning,84704,84714,10,117.016983436795,40.50197733186276
stepping,84715,84736,21,100.23033008879464,38.74503765757584
rising,84737,84754,17,60.30765738231368,42.72705376710442
walking,84755,84791,36,166.27086974911262,37.15291607124142
rising,84792,84813,21,48.77395932888191,40.80363149743102
climbing,84814,84853,39,42.07736843744859,50.3347294323857
sniffing,84854,84947,93,39.88500427150629,35.137880394064226
rising,84948,84995,47,22.37144807462606,38.679972371662764
sniffing,84996,85033,37,22.468757822636647,37.116970507419566
walking,85034,85075,41,163.38402866690652,38.69292819353889
sniffing,85076,85093,17,41.56178021505863,36.57967067978138
walking,85094,85110,16,102.30283441803364,31.134167673823686
sniffing,85111,85214,103,18.822791719978667,30.625775161862496
rising,85215,85241,26,18.643580568823385,34.59170805327433
climbing,85242,85266,24,40.21746065537019,54.37278399320202
rising,85267,85269,2,62.982014628527224,38.881409901996385
left_turning,85270,85289,19,95.24136531838745,39.30463425989416
running,85290,85314,24,364.35903855887005,41.48272368913409
rising,85315,85398,83,41.837761695680285,40.61362872360236
rearing,85399,85448,49,13.763593657292633,41.955396294079904
rising,85449,85509,60,38.71912903659991,36.60036075683378
climbing,85510,85549,39,42.183165666357695,54.22469359088537
walking,85550,85582,32,139.52184385804094,32.9765155268923
left_turning,85583,85591,8,88.88839855712888,35.159934398278686
rearing,85592,85651,59,24.714707264763856,36.79418279997438
rising,85652,85670,18,27.9142142954714,36.2051736479726
right_turning,85671,85696,25,97.90105216545264,35.10084502500429
sniffing,85697,85804,107,22.847926859911805,40.72605328401299
rising,85805,85864,59,13.962330710259517,43.53762096723916
stepping,85865,85901,36,90.79693319960452,35.99919371320422
walking,85902,85996,94,144.5244259921018,33.18410657902004
sniffing,85997,86049,52,51.092426251058086,34.164967806259085
trotting,86050,86090,40,229.32066268734422,33.976150117159214
walking,86091,86114,23,126.51398222871653,31.51062753333751
sniffing,86115,86121,6,59.207294795019536,36.81327549304446
grooming,86122,86256,134,20.409941219357584,36.011266519195814
climbing,86257,86376,119,26.90495885669203,38.638533940453435
left_turning,86377,86393,16,108.72367090081478,39.34595032399068
rising,86394,86417,23,42.518259344865264,44.07778251563096
stepping,86418,86446,28,104.54428994156899,38.03982511362064
rising,86447,86452,5,31.131301900396295,43.84803751219737
climbing,86453,86533,80,21.559487373490466,52.66049578250574
rising,86534,86559,25,23.877956377707125,35.97664997365049
climbing,86560,86618,58,18.807590425507513,40.69346956397474
rearing,86619,86680,61,12.078071345959154,40.86136814398784
rising,86681,86701,20,17.059407290119065,37.3702439723926
rearing,86702,86729,27,17.42799907992948,39.77065443872171
sniffing,86730,86767,37,25.29642075476961,32.2898122276668
rearing,86768,86837,69,17.741578308027798,40.45256938930672
climbing,86838,86845,7,18.527418949993866,43.73245994945856
sniffing,86846,86873,27,86.25939061161809,35.25553385222709
walking,86874,86888,14,199.67948804001992,37.96794803153672
rising,86889,86935,46,58.0316720093444,39.456580201432914
climbing,86936,86980,44,54.87855696005535,53.16157699214424
sniffing,86981,87009,28,72.1296580894391,35.35833161133105
stepping,87010,87058,48,46.35122180143035,33.25703935138168
walking,87059,87109,50,119.41269018873811,32.23055252993758
left_turning,87110,87178,68,99.91817458127515,33.80125672118778
walking,87179,87249,70,121.41321004585329,32.98066877164106
sniffing,87250,87281,31,27.40915476161959,31.908280940765664
left_turning,87282,87311,29,90.15760012001002,37.6869435546622
running,87312,87333,21,272.0105616062973,37.50898563874353
sniffing,87334,87372,38,61.01224996105522,31.187701539282433
left_turning,87373,87405,32,100.53702943640609,33.91040843538646
rearing,87406,87439,33,35.05790962382472,39.99827154087163
sniffing,87440,87463,23,32.12428635521195,33.22075184761987
rising,87464,87488,24,24.128018899379512,33.821727033974646
climbing,87489,87548,59,19.41897085659851,43.84737824277177
rising,87549,87559,10,25.15353945127745,35.19306205582597
sniffing,87560,87567,7,25.948560513893206,35.38040965635189
left_turning,87568,87603,35,71.11240562743058,36.42041627520551
walking,87604,87654,50,210.631955336392,34.46027003252586
rearing,87655,87695,40,16.45969116067847,33.32142888389563
sniffing,87696,87717,21,22.665618986490795,30.299467309266557
rising,87718,87723,5,28.84347493186473,33.60978770001506
sniffing,87724,87753,29,47.94838830564843,33.215823711385745
stepping,87754,87801,47,55.720823531047095,31.049757574692578
trotting,87802,87846,44,231.12179058496295,33.843724122582906
sniffing,87847,87876,29,31.67569252116834,34.28836347162532
stepping,87877,87926,49,106.14004227264228,33.77518617195443
sniffing,87927,87978,51,29.934586932449278,32.93226384844338
walking,87979,88022,43,181.2724884703591,33.273654947763866
sniffing,88023,88104,81,33.91113061339445,34.023971277072114
rising,88105,88128,23,19.50826970426996,44.07614309070604
climbing,88129,88145,16,39.395940045436255,56.369257957558446
rearing,88146,88148,2,27.78124125025893,48.376314131452006
rising,88149,88150,1,20.334045780589726,47.26568093922639
left_turning,88151,88169,18,80.77402379023212,39.32117595121756
running,88170,88198,28,290.6989644805134,38.911210969602465
hunching,88199,88225,26,36.08857387035477,38.58792138456746
climbing,88226,88248,22,33.288661262498756,53.15935120737157
rising,88249,88267,18,24.644564083619453,37.122319495135706
sniffing,88268,88278,10,47.55563868019237,33.57904749506228
trotting,88279,88284,5,113.96097596386868,33.47122252477744
left_turning,88285,88310,25,103.35217538058694,32.861974144568414
sniffing,88311,88355,44,27.705749580067177,31.410939374967743
left_turning,88356,88371,15,57.16622880094372,34.140281891427996
trotting,88372,88417,45,263.92404012697506,35.425162768522675
rising,88418,88465,47,26.330478824978524,33.25430597111714
climbing,88466,88539,73,40.32157947745501,55.19471837428275
sniffing,88540,88556,16,38.20331282526797,33.439897084532156
stepping,88557,88602,45,122.50446580356997,33.53210283381138
trotting,88603,88647,44,245.87873455770415,32.00758723402479
sniffing,88648,88766,118,22.34916237973329,33.28821493469916
rising,88767,88794,27,27.591957504249798,38.41466080983866
walking,88795,88828,33,101.35976495165137,31.54482180604181
sniffing,88829,88844,15,33.405353447079506,32.505927081520355
walking,88845,88876,31,179.7117487204677,31.61948470257963
sniffing,88877,89003,126,25.650739826444905,33.343417462112455
rising,89004,89030,26,14.130535164566208,33.59001530257138
sniffing,89031,89067,36,30.219649038136275,30.754829803464357
left_turning,89068,89082,14,159.8568803502964,37.72583606690278
walking,89083,89119,36,169.44202178412098,39.460435301263786
stepping,89120,89217,97,96.35967120725662,32.36149942076655
sniffing,89218,89233,15,33.76256399623287,33.252300766534134
walking,89234,89266,32,187.57656325429292,31.108685717427864
sniffing,89267,89385,118,37.61647788715519,31.727859582019295
walking,89386,89429,43,187.4374200016932,36.77236867971771
rising,89430,89447,17,42.39279936474475,38.13864656297372
climbing,89448,89491,43,38.18035531318754,57.53665900927218
rising,89492,89501,9,22.535436994782355,38.17883427761014
left_turning,89502,89564,62,98.23093271756011,34.75666251858426
sniffing,89565,89577,12,43.971979432221765,35.165837257980606
running,89578,89605,27,289.7028094941914,37.63319824000756
rising,89606,89628,22,49.58991407746489,38.069813876058554
climbing,89629,89684,55,21.23800260533801,43.137877654949
sniffing,89685,89710,25,19.3474829461753,35.75650854908758
rising,89711,89729,18,20.215778749101666,36.42375955496135
sniffing,89730,89788,58,26.821395972418635,29.232162191456325
rising,89789,89836,47,26.799910363632986,31.018780173289755
hunching,89837,89858,21,46.157213871009645,37.33711923933109
right_turning,89859,89895,36,80.03606292510935,37.85540201073647
stepping,89896,89942,46,99.81162970662588,38.22055485641299
trotting,89943,89969,26,252.6890222883256,33.993241350249434
sniffing,89970,89991,21,64.64003708251582,34.558958613622515
walking,89992,90010,18,203.03009112603823,33.45887262664428
sniffing,90011,90039,28,37.77385873945088,31.58497408126726
rising,90040,90061,21,22.09809768831606,34.825784539718036
climbing,90062,90104,42,37.34608742602611,53.15174344456552
trotting,90105,90134,29,226.64843986249753,31.611756370296195
rising,90135,90143,8,45.04661615067475,39.192617117246265
climbing,90144,90261,117,28.791303520864343,54.35376416773188
hunching,90262,90313,51,15.059353155979874,39.849637615920265
right_turning,90314,90341,27,102.00701181659383,34.53649524023403
trotting,90342,90381,39,253.79968799761394,36.27482525341278
rising,90382,90394,12,71.30115297504337,39.16843849251458
climbing,90395,90448,53,25.855615333048817,42.54589601312261
rearing,90449,90456,7,87.41946848200217,43.06729648465115
left_turning,90457,90474,17,172.5123588861563,37.320051237686556
trotting,90475,90533,58,251.30273304319914,34.76612322646753
sniffing,90534,90553,19,26.004340803342814,32.59315878071189
rising,90554,90594,40,31.25648874450747,36.05656847861531
climbing,90595,90644,49,16.60479620845534,46.68611516799566
rising,90645,90669,24,51.97898320039838,45.9325032547574
climbing,90670,90685,15,46.039526026935704,53.61835257175234
rising,90686,90784,98,31.20168691547619,36.1567981164995
walking,90785,90806,21,64.48503787918035,37.44945144190245
climbing,90807,90846,39,47.36999187502522,54.52944924957198
rising,90847,90866,19,29.517052431339142,35.53410872924241
right_turning,90867,90887,20,129.64931741482945,36.873974370431036
running,90888,90924,36,297.9600240883616,40.46035661740632
walking,90925,90936,11,116.84825113919958,34.08210861725487
sniffing,90937,90985,48,27.67284186615197,30.734769220872284
climbing,90986,91009,23,43.10303054340519,50.94287460969491
hunching,91010,91024,14,34.516658197834445,37.244782443874925
rising,91025,91030,5,24.333539555246574,32.922300412558066
rearing,91031,91062,31,26.59585667574319,35.99655660034618
climbing,91063,91087,24,55.41134042438252,43.99884803373155
sniffing,91088,91113,25,32.37115894503409,30.225706119383045
rising,91114,91143,29,65.23463535079154,36.39889421919314
climbing,91144,91166,22,56.12561536044733,48.217594897210496
walking,91167,91169,2,152.0539548047411,43.076981684234134
trotting,91170,91205,35,257.25088894694886,34.924491685139024
sniffing,91206,91249,43,58.190115326883614,32.219295152547424
rising,91250,91265,15,27.66531762392983,40.18128829553229
climbing,91266,91327,61,31.141082431051473,62.38198738196546
grooming,91328,91387,59,38.27361323207597,41.419678312788776
sniffing,91388,91455,67,14.476677495408964,35.168503526565644
grooming,91456,91490,34,29.3998923173545,41.84555124762139
left_turning,91491,91497,6,90.08421364197996,35.85824586823873
sniffing,91498,91513,15,42.28029894795507,33.27322063155944
walking,91514,91566,52,202.9779089696292,35.04782047452092
sniffing,91567,91577,10,47.87236321555181,32.12836144858627
left_turning,91578,91613,35,71.17062434959126,33.86006865453972
walking,91614,91676,62,166.28890334661418,33.89914539326381
sniffing,91677,91735,58,46.09501541586063,34.74321840434002
walking,91736,91764,28,164.53980391483643,33.86418448458129
sniffing,91765,91775,10,32.20679666886776,34.94852572877474
right_turning,91776,91804,28,61.50283443048114,32.759446067537006
rising,91805,91815,10,43.98687518307171,39.37518282052752
climbing,91816,91927,111,16.326119657198678,41.162213740709866
rising,91928,91985,57,17.11843939176933,36.01180420035308
rearing,91986,91995,9,23.8594762820587,38.69450898056761
grooming,91996,92035,39,20.538992120035992,39.10951212358263
rising,92036,92059,23,39.722232976708135,35.07655013691704
climbing,92060,92117,57,47.56963729417063,55.33211732322633
left_turning,92118,92145,27,117.38996007305327,37.15868425158197
walking,92146,92159,13,186.10760661969013,36.03007161620269
sniffing,92160,92184,24,31.779880107074437,31.244913693985986
trotting,92185,92207,22,241.46600074415568,34.37789908324309
rising,92208,92214,6,82.64761808394155,37.30534701240624
climbing,92215,92305,90,19.17722822800056,39.86904181609897
grooming,92306,92310,4,41.78117150819669,37.72147243672105
left_turning,92311,92321,10,71.70362186322508,33.735999469766405
rising,92322,92350,28,56.515604181539295,42.33349016823517
climbing,92351,92383,32,49.37358394574284,50.5621907395268
sniffing,92384,92458,74,25.65444958961039,34.481282042965375
climbing,92459,92498,39,55.592511252188366,43.735850454563405
left_turning,92499,92544,45,102.7965156433616,36.57227509954452
walking,92545,92564,19,120.75260620174747,42.48798214527728
climbing,92565,92594,29,31.80762624776968,48.72680069989972
rising,92595,92637,42,16.98709629128762,36.12339247653131
rearing,92638,92680,42,11.266552359025383,39.16921132197733
rising,92681,92712,31,23.45260770148536,34.22251635819258
hunching,92713,92718,5,24.4112848507735,38.05581821750818
rearing,92719,92740,21,42.945804615545065,39.06636808223979
trotting,92741,92765,24,229.7589933853906,37.527913725070846
rising,92766,92807,41,29.75819077336681,36.768994762880915
climbing,92808,92843,35,46.42090321136726,57.68428434011693
right_turning,92844,92850,6,94.68322554442331,34.0046587279579
rising,92851,92866,15,61.27853232208619,37.01487898050753
climbing,92867,92936,69,47.0639437421542,61.97827403899638
walking,92937,93010,73,164.18111854613457,38.54515024364744
climbing,93011,93085,74,54.49135614039723,48.449928544296206
rising,93086,93112,26,22.820698951391638,34.426029877939854
sniffing,93113,93134,21,27.36449225807487,29.08397892765743
rearing,93135,93150,15,48.58905625265732,33.53573326167297
left_turning,93151,93172,21,96.1370556183579,33.79055990781051
trotting,93173,93219,46,251.84239416902926,34.38851475916394
left_turning,93220,93257,37,98.71084571584393,35.78374807526243
walking,93258,93292,34,199.31280097691896,35.088557056593814
rising,93293,93316,23,36.685032065387176,38.15217009891014
rearing,93317,93364,47,29.1223625130924,39.52231750151402
climbing,93365,93469,104,18.34674608210647,43.065797743987574
sniffing,93470,93487,17,47.776338989265014,36.153497566185784
rising,93488,93495,7,31.09397659151683,43.4680307483901
climbing,93496,93534,38,51.476550354042054,54.54130333035308
sniffing,93535,93564,29,22.967453413783613,37.902344683254796
right_turning,93565,93588,23,68.06535756987624,33.0369096472153
sniffing,93589,93624,35,25.91944710056605,28.279706773181296
rising,93625,93650,25,27.52670819164183,35.34763998667511
climbing,93651,93742,91,19.032946289035475,40.754822377916504
stepping,93743,93763,20,63.176031205397145,32.12934482653692
walking,93764,93861,97,141.13424464516504,33.39978277590295
stepping,93862,93896,34,34.327203425935345,32.56385369017215
sniffing,93897,93973,76,38.479508045468705,33.30310026709249
trotting,93974,93991,17,211.2946903853988,40.840016648277555
sniffing,93992,94010,18,50.0105855742486,33.23827394513582
walking,94011,94060,49,172.87165341820548,34.54777888255545
rising,94061,94110,49,23.429157275737275,33.90899548503317
climbing,94111,94170,59,22.289886880499882,39.906241160959475
hunching,94171,94209,38,23.664925537730284,39.398551521389265
climbing,94210,94245,35,35.09788570004285,42.47888616294512
sniffing,94246,94284,38,36.74075725057657,31.255016924441126
hunching,94285,94292,7,68.72208697250917,36.41338564714253
stepping,94293,94322,29,85.38737784080253,33.240973533292916
running,94323,94355,32,325.68295822352025,34.773024021357436
sniffing,94356,94431,75,39.88180752759555,35.14143433764205
walking,94432,94460,28,80.49315711208243,34.28667968376299
sniffing,94461,94543,82,21.916170501301355,34.11995237096951
rising,94544,94553,9,22.18809386934648,37.95307676728159
climbing,94554,94592,38,35.93052451149045,61.949239552096465
sniffing,94593,94630,37,20.70069279469496,33.484856170132595
left_turning,94631,94670,39,58.77629275158066,35.74014452039499
walking,94671,94746,75,142.26390666690602,35.241605091139704
sniffing,94747,94867,120,35.84959747076742,31.702420401403888
stepping,94868,94901,33,91.24345035127055,34.791667489285594
left_turning,94902,94929,27,69.96352274820354,32.141182848522945
walking,94930,94972,42,133.50724957259638,30.677344938087572
sniffing,94973,94995,22,43.5075240139519,31.968726370186708
stepping,94996,95018,22,77.74070016589175,33.455603119752034
rising,95019,95068,49,20.976059686081964,35.55020056019779
walking,95069,95087,18,92.01637864601179,34.79296625764617
sniffing,95088,95213,125,36.34681082044547,33.724452939525825
climbing,95214,95251,37,44.00969331285535,55.21731868636674
rising,95252,95350,98,21.757580796974942,35.793424016168125
left_turning,95351,95368,17,188.01384407824284,41.90029021307783
running,95369,95408,39,323.91440451824127,37.28309894920409
sniffing,95409,95455,46,33.17124450588387,33.97445488716466
rising,95456,95489,33,31.660746043064886,37.87957927169902
stepping,95490,95515,25,113.02883360639511,29.188560772969915
sniffing,95516,95557,41,15.66258313461132,27.486216338135552
hunching,95558,95573,15,26.84737231629874,34.74700996304725
climbing,95574,95668,94,16.894605508771097,39.647195548255795
sniffing,95669,95694,25,30.293469965443947,32.39053643828564
right_turning,95695,95718,23,109.63687331531742,31.147285403418568
stepping,95719,95824,105,69.64232939204469,34.06359483874313
rising,95825,95874,49,27.274714357602697,39.03342986256336
climbing,95875,96309,434,19.0778312595705,41.88653264355359
grooming,96310,96409,99,20.130235651056072,43.89220652053769
climbing,96410,96449,39,32.312068833207036,40.575118781196906
grooming,96450,96484,34,21.25788834969285,43.563424281151796
climbing,96485,96524,39,24.280023435684008,41.50860284206961
grooming,96525,96631,106,22.143729657426384,43.33061440671631
climbing,96632,96645,13,20.257113156354098,40.16102632994074
grooming,96646,96866,220,29.312849958619683,41.29941322622684
climbing,96867,96926,59,25.84823454381263,41.739847048873926
grooming,96927,97121,194,25.889729200344522,42.75371654121945
climbing,97122,97156,34,31.281717695184547,41.136461886862904
grooming,97157,97331,174,26.460315005343997,36.48656921781752
climbing,97332,97448,116,15.689020004126107,47.26174211189584
rearing,97449,97499,50,23.275757611646192,41.877673318697404
climbing,97500,97538,38,34.565343702787,46.25814577354129
trotting,97539,97582,43,229.5744038918355,39.65718485923261
sniffing,97583,97621,38,21.374761121200525,34.23697577929973
right_turning,97622,97634,12,161.66105899535415,38.96609251342849
stepping,97635,97669,34,101.61797271830939,36.66678801488263
walking,97670,97743,73,173.5583849181753,37.04091506104218
sniffing,97744,97798,54,22.178660815184028,32.10213664262808
rising,97799,97833,34,19.691769295513467,34.32470053217043
hunching,97834,97840,6,39.536185207144776,35.590975674103866
sniffing,97841,97861,20,57.19180888791324,34.07957975919923
rising,97862,97873,11,40.63516277465422,38.70505794717905
climbing,97874,97906,32,24.749720434931405,43.88206266627038
rearing,97907,97951,44,29.830653072294453,45.35673561948733
walking,97952,97985,33,120.65324103995194,43.52938824230863
climbing,97986,98001,15,26.224942918082554,48.45372907918207
sniffing,98002,98003,1,36.41308703896521,41.47465539802417
walking,98004,98061,57,125.32499532720792,40.283727142141615
climbing,98062,98102,40,53.30575523898047,59.40425984040313
right_turning,98103,98128,25,210.51867315674798,39.4903226003073
running,98129,98151,22,346.0714755649352,37.09507118188546
rising,98152,98170,18,54.728641582513774,40.477513320877904
climbing,98171,98206,35,46.47690521997036,55.64025930730563
right_turning,98207,98216,9,148.89738007278117,38.132037305889575
walking,98217,98251,34,172.13125714938386,34.050575477581944
rising,98252,98265,13,51.847029352168185,33.62117798977628
hunching,98266,98318,52,19.889690415999773,35.874892408320974
sniffing,98319,98397,78,44.07921069913122,35.760313080903586
grooming,98398,98757,359,16.441546398662638,36.25949405522385
sniffing,98758,98771,13,49.034673581238174,36.38780458378373
walking,98772,98773,1,55.66189363498304,35.20168979549754
sniffing,98774,98807,33,46.624084919604606,36.5174493967961
rising,98808,98838,30,50.748506603885865,38.03272677399462
trotting,98839,98872,33,275.46413721044814,37.76050746940309
rising,98873,98896,23,75.95935286220461,36.51390929650919
sniffing,98897,98922,25,23.461204629722012,34.91499883777464
left_turning,98923,98970,47,109.39433407334975,37.64838934754559
walking,98971,99002,31,89.9664364497313,35.92450831840262
sniffing,99003,99026,23,18.279750942715136,31.722323882737424
left_turning,99027,99035,8,120.05815529310333,35.99949863862898
trotting,99036,99049,13,199.60396405236204,38.11372595966178
stepping,99050,99084,34,48.26688117531413,34.04880874612758
walking,99085,99107,22,197.85278355030968,37.44870818482023
rising,99108,99118,10,47.378311632589636,39.69457239050504
climbing,99119,99198,79,33.612230467467484,46.546573082878695
hunching,99199,99232,33,19.828526527435365,39.5429007345591
left_turning,99233,99260,27,83.17992201050198,35.38651685515799
walking,99261,99281,20,213.89063475970977,42.1295945452932
rising,99282,99293,11,45.53791357823817,41.162571458320144
sniffing,99294,99334,40,24.841865872227906,34.13853678434319
right_turning,99335,99362,27,79.9121704321094,30.96104952325165
sniffing,99363,99414,51,23.063265669366437,33.54824843022466
climbing,99415,99449,34,32.820963499488165,53.309425184804496
rising,99450,99456,6,31.293425480428493,38.21333730091344
sniffing,99457,99475,18,24.593938536860406,34.40450785049942
right_turning,99476,99524,48,92.14907749220133,35.63177049009559
sniffing,99525,99646,121,30.356047631594507,32.59366050451894
rising,99647,99676,29,32.649044542013414,38.24411307281089
climbing,99677,99739,62,36.208030426018944,58.5889617171732
sniffing,99740,99815,75,26.2551257290845,31.295416017257473
right_turning,99816,99834,18,118.18485840875854,36.96462845099124
trotting,99835,99880,45,265.79408865873233,35.39977816541593
walking,99881,99922,41,216.96253322849728,33.25900039912909
sniffing,99923,100014,91,37.401526518591915,33.25696365148739
walking,100015,100048,33,191.99025951426293,36.04163228506015
sniffing,100049,100083,34,24.853115015892023,31.82448397833899
left_turning,100084,100126,42,131.63897034917605,34.1159142398305
sniffing,100127,100159,32,31.184817914146972,32.80313543643112
rising,100160,100196,36,21.782499233814303,34.23854167737579
climbing,100197,100221,24,38.03263692646029,50.14820225404473
hunching,100222,100231,9,49.11840513117655,40.00484663878673
rising,100232,100261,29,27.681569315294745,33.95205194488129
sniffing,100262,100305,43,45.12559733985781,33.01157960959861
left_turning,100306,100322,16,72.88612290001085,34.88443191891796
sniffing,100323,100429,106,25.02298796254829,38.116080305667545
running,100430,100473,43,384.746631402166,37.06153790387203
rising,100474,100521,47,50.43049020215108,30.207176091232032
sniffing,100522,100551,29,26.05829514872595,28.220165800024308
left_turning,100552,100589,37,86.0960524060205,34.38394167825624
trotting,100590,100630,40,245.05359067552203,34.183956587081724
sniffing,100631,100639,8,47.50135438756745,32.891405896307226
right_turning,100640,100684,44,55.630110108210644,30.698668285615657
stepping,100685,100699,14,88.06416555246693,35.89942764929
trotting,100700,100738,38,242.28824922872067,35.53426885748416
walking,100739,100755,16,98.02103972437034,28.49150427611539
sniffing,100756,100780,24,31.259105046595277,28.16965191373526
rising,100781,100799,18,22.18439818094767,31.82021394824842
rearing,100800,100838,38,20.573818903482163,33.405488555044776
hunching,100839,100878,39,24.217163834646023,32.02992096782748
grooming,100879,100934,55,24.672821956632244,33.811648047416114
sniffing,100935,100990,55,32.78825521234774,30.559093930370995
climbing,100991,101025,34,32.38426302468634,38.364920910127935
left_turning,101026,101041,15,113.54829150856061,34.12299643144655
running,101042,101073,31,316.5493939922037,34.97724693743946
sniffing,101074,101112,38,48.24974651276633,33.030234085354564
left_turning,101113,101142,29,77.6649168116764,38.03413499077457
walking,101143,101167,24,204.43139476178166,44.1116481844499
trotting,101168,101187,19,204.6136139500617,37.507207698313145
left_turning,101188,101217,29,86.18930970162401,35.82963953792555
walking,101218,101246,28,192.30583384906706,34.61464259939491
rising,101247,101265,18,48.45573142508323,38.23252125715205
climbing,101266,101444,178,23.808143894466244,51.95129085942537
rising,101445,101473,28,32.8028128874343,38.743379515142166
left_turning,101474,101524,50,139.46124154863855,38.26821866770756
sniffing,101525,101650,125,49.51256041882826,33.99372240998799
walking,101651,101685,34,133.63462511075042,31.690257513173485
sniffing,101686,101687,1,64.56161448821983,35.28144767433651
rising,101688,101697,9,44.54409071246552,38.39275870955056
climbing,101698,101765,67,20.303029385377855,43.324369658779936
rising,101766,101788,22,22.23217420999285,35.12660881516325
climbing,101789,101833,44,16.437233665539267,37.75444120987787
left_turning,101834,101850,16,87.49360576483744,33.106324440156705
sniffing,101851,101905,54,50.61763535274247,34.0085012828848
left_turning,101906,101936,30,131.18111093748695,33.68531519613327
sniffing,101937,101975,38,61.88562979109675,34.3312432816403
walking,101976,101992,16,155.9610605968665,34.423414516509794
sniffing,101993,102052,59,71.17860459270584,32.99671883807696
left_turning,102053,102076,23,126.49259132013593,33.21884706521964
stepping,102077,102117,40,77.86501539083689,33.47580047584998
sniffing,102118,102159,41,32.8354727923237,31.81506972301964
rising,102160,102197,37,25.866091805832912,38.84466809621515
rearing,102198,102247,49,28.69966800336995,44.84559740061578
trotting,102248,102255,7,207.02088345261268,40.39195237573476
walking,102256,102271,15,181.05882127204274,38.04203862529272
sniffing,102272,102300,28,19.320474119016424,36.24032865582189
left_turning,102301,102340,39,84.91150481799471,34.349025006496205
sniffing,102341,102379,38,41.80169928350604,34.859151511934144
walking,102380,102424,44,122.43934198322668,37.012027501487076
trotting,102425,102435,10,207.07642769952054,36.619066531628576
walking,102436,102460,24,161.5514378239308,33.45961639381978
left_turning,102461,102502,41,103.43086076677521,31.89093305269791
stepping,102503,102515,12,68.2454548035439,33.6230578125009
left_turning,102516,102568,52,125.3262657714516,32.04622149646912
sniffing,102569,102577,8,17.53916130856839,33.80009271639047
left_turning,102578,102636,58,71.0869709488699,34.65507620524284
sniffing,102637,102733,96,57.54217181662909,37.94463004636434
left_turning,102734,102746,12,122.08675271991152,36.68119879878023
walking,102747,102820,73,126.58384472687133,34.889318733468485
sniffing,102821,102911,90,22.74383951840071,34.87022357076112
walking,102912,102941,29,169.3480712059675,34.82455743267732
sniffing,102942,102983,41,20.21119395364209,31.61637664975711
rising,102984,103034,50,20.16489119958431,33.524724230484786
climbing,103035,103138,103,18.575585247670922,45.28129045173229
grooming,103139,103153,14,57.060031990482564,39.609098224895284
trotting,103154,103165,11,214.18535048960288,40.43436858447827
running,103166,103191,25,335.13483077693195,34.74713883551907
walking,103192,103234,42,150.70500991587502,33.38565374963513
hunching,103235,103284,49,29.15996704459253,38.0635824038259
rising,103285,103308,23,18.735731605021908,37.99755069942844
sniffing,103309,103389,80,50.92740925842626,35.58707052047943
rising,103390,103413,23,48.376428257736755,42.572656226099696
stepping,103414,103423,9,105.54806468289965,36.1102649931055
walking,103424,103461,37,166.43085596415924,35.269489263367646
sniffing,103462,103477,15,63.69995085155617,36.75165442556249
left_turning,103478,103505,27,110.99004230297929,33.97246182231836
rising,103506,103515,9,76.6715420468342,36.163139747931176
sniffing,103516,103522,6,64.69699771522444,34.28744804464297
left_turning,103523,103551,28,133.56365110815088,34.14248736156068
sniffing,103552,103574,22,29.541364497204025,30.459059000679318
walking,103575,103615,40,136.67575387471732,32.600621029246746
hunching,103616,103632,16,45.16203713415001,37.79304844493607
climbing,103633,103802,169,15.449048825785344,37.056762071148405
hunching,103803,103837,34,21.958593692258173,36.12614137123168
sniffing,103838,103868,30,24.250788589891506,30.94065758099621
grooming,103869,103891,22,50.5342722019136,35.446719741338136
stepping,103892,103934,42,91.62622597964396,34.529338176160934
sniffing,103935,103979,44,99.48684535801264,33.612731707260664
stepping,103980,104019,39,97.7571787822721,36.48610875351581
sniffing,104020,104058,38,96.8477491610689,35.69961373943579
rising,104059,104088,29,37.676357327294824,38.51796639780394
climbing,104089,104136,47,34.5853640036407,59.07942339420622
rising,104137,104150,13,19.907253089124904,37.02923487652919
sniffing,104151,104251,100,22.21151484049991,34.49696669085043
right_turning,104252,104289,37,152.76650736925643,36.41124808939195
left_turning,104290,104320,30,101.22628125401168,34.19997990655769
rising,104321,104348,27,26.996654642497564,36.565098424008816
climbing,104349,104376,27,38.644007031397656,62.48595577042142
rising,104377,104382,5,36.747317250628576,42.68085495805298
sniffing,104383,104413,30,20.530184915709263,34.45760369103458
left_turning,104414,104440,26,71.54555416841562,36.79301384450572
walking,104441,104480,39,166.86673837342897,37.82906848736523
rising,104481,104498,17,36.111328859081404,37.497244490519876
climbing,104499,104539,40,36.20741111893544,51.313981273206004
right_turning,104540,104561,21,67.06418098365742,37.675569104417704
walking,104562,104608,46,143.28439074180463,34.86830890197351
rising,104609,104620,11,20.70322167519515,39.99412189439622
climbing,104621,104653,32,28.520904710853774,52.7722918258441
hunching,104654,104664,10,28.11965404739742,45.47973558254727
stepping,104665,104712,47,102.19658258620338,35.72329376137158
sniffing,104713,104829,116,43.23636341835375,35.19802146897313
left_turning,104830,104848,18,117.87201244034802,39.912568453683356
running,104849,104876,27,367.7028493903476,40.75138641238896
rising,104877,104895,18,67.18680298078358,40.640950365636364
sniffing,104896,105019,123,32.288981972666754,31.711136452891225
rising,105020,105056,36,26.199996181940936,38.62345628287274
sniffing,105057,105154,97,24.46802449028781,34.19759744056495
rearing,105155,105214,59,29.70591925611343,38.438592059511016
left_turning,105215,105228,13,122.67700600567777,35.257711380932975
running,105229,105268,39,282.6452377437699,35.28573019586455
rising,105269,105278,9,51.339751547003246,40.258607388886496
rearing,105279,105328,49,16.245512200573796,38.79596018526007
sniffing,105329,105361,32,36.162369337323206,28.469262900219437
rising,105362,105379,17,28.325596431170442,33.050112206555134
climbing,105380,105501,121,25.034434928353004,49.78418120239876
rising,105502,105551,49,26.57532497536396,34.81551937180435
left_turning,105552,105564,12,140.0626105407954,37.895332105136234
trotting,105565,105604,39,255.04409155635022,40.49057959258671
rising,105605,105626,21,46.41550559733805,42.7722749801707
sniffing,105627,105691,64,26.718547220627574,32.32556572723419
hunching,105692,105723,31,20.4075765592628,39.297039284474195
rising,105724,105732,8,36.06692863406,35.3713251228968
right_turning,105733,105748,15,142.83317134998214,35.64224576405667
walking,105749,105798,49,211.7730694425315,30.533947107369958
sniffing,105799,105807,8,62.26689390544842,33.32244094056762
right_turning,105808,105829,21,77.979095215746,31.71789462640653
stepping,105830,105861,31,94.38816483868337,33.02472999607555
sniffing,105862,105914,52,45.89072937711341,35.841140312477506
walking,105915,106002,87,154.62108301687033,34.03305073387318
sniffing,106003,106044,41,68.13830791193355,33.1032524853031
stepping,106045,106128,83,99.08783548706086,33.475997554003094
walking,106129,106198,69,121.68708850479888,32.81147219344827
sniffing,106199,106200,1,47.45270072906756,35.474766769718464
pausing,106201,106351,150,19.46510854466935,34.71338518882634
sniffing,106352,106404,52,35.522300359428904,34.641570583873666
rising,106405,106415,10,59.22768608366509,32.69545107887454
sniffing,106416,106487,71,32.99826767651321,32.73756610519826
rising,106488,106540,52,16.89136655085981,32.07645530311243
sniffing,106541,106660,119,14.979889178751955,33.06728103485958
grooming,106661,107435,774,19.58013303191282,37.45169568418141
rearing,107436,107470,34,24.500577801739322,40.579422063819315
climbing,107471,107489,18,30.73647192635278,42.302657759264925
grooming,107490,107731,241,27.38047578680471,38.33395409594053
climbing,107732,107826,94,16.969980169354766,42.74297427005017
hunching,107827,107936,109,23.083490227940285,42.267045602945274
grooming,107937,108000,63,27.60101520679772,36.54578465162453
