revised_movement_label,segBoundary_start,segBoundary_end,frame_length,average_speed,average_back_height
left_turning,0,34,34,45.18198866718857,17.705715118241226
sniffing,35,52,17,19.886376115639592,21.092300312900413
stepping,53,61,8,59.06192165254393,20.227371745688874
sniffing,62,202,140,30.91308026276724,21.2514764145463
walking,203,258,55,120.31150743184287,19.5620903618032
stepping,259,314,55,77.06686983435387,18.34658680819811
sniffing,315,381,66,25.61578661397572,18.943072889961623
walking,382,467,85,141.68486973347004,20.036124694331107
sniffing,468,529,61,16.45734474565251,18.017754899807535
stepping,530,554,24,49.45305411259561,18.431618445242094
walking,555,637,82,134.2942529091633,19.88712644612292
sniffing,638,692,54,24.857067107023767,15.218676711995583
stepping,693,727,34,87.03225134983109,15.671007793062332
sniffing,728,769,41,38.14300996306217,18.79420041161762
stepping,770,828,58,68.8800010825366,19.726064137909532
walking,829,926,97,157.94324049944976,19.81079949093419
sniffing,927,966,39,24.557675320185677,18.01345419702138
walking,967,981,14,116.62724497041727,22.63413947559187
sniffing,982,1066,84,48.676798537573056,21.812815741152885
stepping,1067,1097,30,59.31537739199949,23.22697621969086
walking,1098,1176,78,165.17805670981792,20.135916342500696
sniffing,1177,1250,73,8.608494626908291,19.446055172206403
stepping,1251,1269,18,60.361940159797435,18.37434269076018
sniffing,1270,1416,146,25.37501325553291,22.976454438655775
left_turning,1417,1440,23,103.55766482079184,20.97487985518431
sniffing,1441,1515,74,16.2563293322454,20.096157830139965
stepping,1516,1522,6,28.298755827386042,20.864450285524573
sniffing,1523,1557,34,13.321137907181699,23.993427717403964
left_turning,1558,1599,41,38.398032074898914,21.152646984625306
sniffing,1600,1623,23,23.104458939985992,21.49526040916177
walking,1624,1682,58,169.30804108123988,21.24625283454579
left_turning,1683,1719,36,56.049795014746735,19.539588598217588
sniffing,1720,1728,8,26.83176628899573,17.713322756406406
walking,1729,1758,29,59.572526396407525,21.562263543079812
sniffing,1759,1860,101,33.80240558992157,19.256203597139397
walking,1861,1899,38,119.68608728942897,23.322892739167145
sniffing,1900,2009,109,33.25756158436115,23.12508829319043
walking,2010,2031,21,131.1132883626505,23.015773279507314
sniffing,2032,2109,77,42.90013206742943,18.662182286223633
stepping,2110,2129,19,85.85202958572826,24.34593709047108
sniffing,2130,2171,41,32.121694689439046,26.031322083669654
stepping,2172,2178,6,54.54683264062603,23.183436744718108
sniffing,2179,2341,162,28.74166484711033,23.282435521276234
rising,2342,2401,59,17.53591025905012,33.72146090818815
hunching,2402,2441,39,14.964570969608587,34.63878662743981
sniffing,2442,2524,82,18.241953802853658,29.5648884742431
walking,2525,2564,39,143.52684014205224,23.432367640164546
trotting,2565,2595,30,185.02270600300085,20.45212100482735
stepping,2596,2636,40,65.86345181875048,20.91699779835756
sniffing,2637,2654,17,22.002129962414184,17.060620849795505
left_turning,2655,2683,28,72.78606455835626,22.749178178113777
walking,2684,2773,89,160.45239765873072,20.717019013308374
sniffing,2774,2823,49,35.702274606303234,21.89785272572963
walking,2824,2851,27,98.58114148309495,19.63397600894636
sniffing,2852,2962,110,34.53725913134752,19.459392097597362
walking,2963,2981,18,157.4554271047031,24.982180903613433
stepping,2982,3032,50,71.30856412149274,24.186965852440437
left_turning,3033,3091,58,41.51916290376357,18.771808547983298
sniffing,3092,3102,10,36.51562198885808,28.41423952453539
hunching,3103,3134,31,45.31742484399643,41.788664744223965
sniffing,3135,3278,143,15.254789335780439,22.496763911765672
stepping,3279,3321,42,56.16775191805122,26.943254695275485
walking,3322,3398,76,105.05840492843615,23.640571558472516
sniffing,3399,3461,62,29.384023481716888,22.703596311151216
walking,3462,3498,36,101.85619469278758,21.891035478806412
sniffing,3499,3555,56,15.910386914106383,22.33167642974762
right_turning,3556,3570,14,58.72618121053658,19.88380217251523
sniffing,3571,3600,29,18.2995334764538,22.509530896317653
pausing,3601,3751,150,9.42391125559355,19.257310635078692
sniffing,3752,3770,18,15.416119135334187,16.88174792045877
grooming,3771,3811,40,21.876805956149568,21.64781555629354
sniffing,3812,3827,15,15.678795821395063,16.84671845202954
stepping,3828,3834,6,36.15745577120702,22.154420816298202
sniffing,3835,3919,84,20.877087351966683,24.438209703052763
walking,3920,3975,55,120.12184196694638,24.99363084008899
trotting,3976,4025,49,190.6864739407327,21.122609892489255
sniffing,4026,4048,22,17.07978205970575,18.404608740494986
stepping,4049,4098,49,46.75184791827642,22.73340262313387
walking,4099,4143,44,157.84114345921722,19.90305964810973
sniffing,4144,4189,45,22.182069039151227,17.455660153887415
rising,4190,4219,29,57.856679537984355,35.87481573913063
stepping,4220,4242,22,77.00504989888718,23.050933636412953
sniffing,4243,4272,29,17.22318719043918,19.207320951688857
grooming,4273,4296,23,49.33135031490652,24.05516882565387
rising,4297,4312,15,42.27455585022011,32.1703206355383
climbing,4313,4364,51,23.024259340025253,53.18981336537445
rearing,4365,4373,8,53.1342389464019,33.14264217806837
sniffing,4374,4383,9,89.20999212762476,26.172059420364274
left_turning,4384,4410,26,87.4679209396157,24.459013012823956
walking,4411,4443,32,157.23187293215398,26.440739050825762
trotting,4444,4489,45,195.89914029073964,19.67092035157811
walking,4490,4539,49,117.79108473038677,19.935644437027992
stepping,4540,4593,53,62.052922641296355,18.93763633129669
sniffing,4594,4637,43,24.133157797234905,22.37023638062462
hunching,4638,4668,30,41.99130131115229,40.95052586737244
sniffing,4669,4730,61,24.69599967369965,27.152648964312807
walking,4731,4821,90,155.33438212650913,23.023808159363668
sniffing,4822,4866,44,24.39498904287357,22.389187754808567
climbing,4867,4926,59,27.055759486966902,51.761810475178756
rearing,4927,4952,25,35.023293989827266,39.848453108832175
stepping,4953,4974,21,82.92812945634145,26.040188676939298
sniffing,4975,5030,55,16.95587868621696,23.506847895804395
walking,5031,5168,137,131.54751437328395,24.86114528205167
sniffing,5169,5198,29,28.82148139826303,24.46928373292389
right_turning,5199,5216,17,45.3248685564619,28.089688782972573
stepping,5217,5261,44,46.11513528218235,27.712983426144113
walking,5262,5316,54,159.48671527600348,25.416830004444076
rising,5317,5335,18,30.089356601250476,31.021572521068098
rearing,5336,5356,20,39.909938143550505,46.53976397231041
sniffing,5357,5399,42,59.95750150430629,23.030490387789204
left_turning,5400,5425,25,55.73063293621219,25.169748817337204
sniffing,5426,5465,39,9.831459946656853,27.95586957013389
stepping,5466,5494,28,58.50747081490554,20.949132985562265
walking,5495,5504,9,41.566557619997454,29.30304330286926
climbing,5505,5536,31,38.59010342852231,43.51709493695866
sniffing,5537,5626,89,36.14527813931291,23.74669938893792
trotting,5627,5669,42,200.9205432771122,26.76127696549078
stepping,5670,5716,46,56.48953994654349,14.794652675936335
sniffing,5717,5725,8,28.442162341135656,19.561961928769254
rising,5726,5733,7,35.12542273107992,28.552652828910382
rearing,5734,5763,29,46.254888537891134,40.8206616980118
sniffing,5764,5830,66,29.96852340127141,21.752234080398395
trotting,5831,5842,11,182.12863795404044,23.220732192909413
walking,5843,5882,39,118.99482725300372,24.187177111453746
sniffing,5883,5913,30,20.045379467972502,25.416217556277616
stepping,5914,6011,97,63.81665330470357,22.697034641269937
sniffing,6012,6058,46,9.20753276476891,21.342500443403654
rising,6059,6076,17,19.933277965063215,29.36125969784204
rearing,6077,6118,41,30.95229530845717,49.661538672884944
walking,6119,6170,51,132.61583913071667,25.48912455586794
sniffing,6171,6194,23,59.63785929619754,26.490276112517446
rearing,6195,6289,94,31.89562516693834,43.08370358673289
sniffing,6290,6326,36,52.07977302181984,33.82270753929035
right_turning,6327,6357,30,86.80981198945517,28.12940664587784
sniffing,6358,6398,40,28.07225769830656,23.39283992745343
walking,6399,6408,9,65.01350867961739,28.46920640972467
sniffing,6409,6452,43,13.439567567981692,32.35436688165796
climbing,6453,6555,102,22.800810710829396,44.39140230717562
rearing,6556,6583,27,28.690414846994788,38.65597205105117
sniffing,6584,6600,16,54.53955774841426,28.961026257566925
pausing,6601,6751,150,19.672725352818258,27.742203863082334
sniffing,6752,6828,76,19.08440312750245,29.48237775355071
walking,6829,6883,54,160.81054419701516,24.670686937442323
stepping,6884,6926,42,42.39409628687955,20.920453001344814
hunching,6927,6936,9,40.37980712165498,41.58557291486422
climbing,6937,6975,38,16.4398377670911,51.238701213068936
hunching,6976,6997,21,60.30258565677063,35.75566120127588
grooming,6998,6998,0,71.8210399616695,28.6573528888424
sniffing,6999,7085,86,31.006980931528442,29.931649225738198
trotting,7086,7091,5,168.7807664700167,30.646112055297447
walking,7092,7096,4,118.17042219149114,33.799890733227905
sniffing,7097,7114,17,52.0178487910237,31.19934934267399
stepping,7115,7145,30,69.68951629857409,20.96464028568091
sniffing,7146,7168,22,31.223231014397605,21.10117955080089
walking,7169,7204,35,181.7949546205692,26.739502009094764
sniffing,7205,7240,35,24.919046501682487,21.050604628121633
grooming,7241,7249,8,33.691769029785185,30.682015552781
sniffing,7250,7300,50,9.358284269619164,26.84430610376762
left_turning,7301,7320,19,99.61464148707988,25.880012121349505
trotting,7321,7360,39,229.73340135999965,26.506856716650553
stepping,7361,7403,42,57.4104869637542,17.597950346810862
sniffing,7404,7409,5,30.64515776518932,23.48694655112661
rising,7410,7420,10,36.86680163769033,37.801518691203434
climbing,7421,7452,31,28.844632925403015,54.70674949603705
hunching,7453,7464,11,68.54552569718304,32.268649677577066
sniffing,7465,7473,8,36.93806391241261,29.722835316766318
left_turning,7474,7496,22,110.60179067388313,26.01575405852764
running,7497,7546,49,242.77419333819486,21.380747805878997
left_turning,7547,7581,34,111.82827413179095,21.87329306661094
walking,7582,7625,43,106.04535105235269,22.468753301316784
sniffing,7626,7661,35,15.419127134075174,20.838372309770634
left_turning,7662,7710,48,41.80594974928997,23.99346952155401
stepping,7711,7758,47,67.62793739610125,21.316140659548175
sniffing,7759,7764,5,19.94656601765338,29.026554632512187
rising,7765,7824,59,14.54912900984611,30.863178344294244
sniffing,7825,7866,41,30.26754405021615,29.216397658402066
left_turning,7867,7902,35,170.2147701424473,24.449220908355056
sniffing,7903,7996,93,29.37485764643483,27.18147072804381
walking,7997,8012,15,171.99628242570662,26.39221588683509
stepping,8013,8062,49,87.43009936985983,18.132911699802637
sniffing,8063,8079,16,38.14763230405511,30.151074755641556
climbing,8080,8146,66,23.28805842602872,55.48859789672413
sniffing,8147,8162,15,29.33494906258386,26.306266791177784
walking,8163,8176,13,84.75613857944097,32.64414731155409
sniffing,8177,8376,199,14.03473155548141,29.40062643627042
stepping,8377,8403,26,48.74533107180879,27.111313563037932
sniffing,8404,8565,161,15.713958756728347,24.542206399660902
left_turning,8566,8617,51,46.19000333928405,26.75221622519462
walking,8618,8641,23,117.90819593653454,24.853336538486147
sniffing,8642,8811,169,15.68811507311236,24.531426608485575
stepping,8812,8829,17,79.87547048619916,25.346543650236242
trotting,8830,8870,40,193.0444258694594,23.916419361938253
walking,8871,8893,22,117.80118660648296,19.906772678621824
sniffing,8894,8951,57,38.918435640887324,25.993483148858346
rearing,8952,8995,43,48.526787048269014,42.65505924189285
sniffing,8996,9110,114,30.23048806577644,27.582938097022712
right_turning,9111,9122,11,49.54046959332117,25.458265902346113
sniffing,9123,9217,94,11.106596544850996,31.620051101938362
hunching,9218,9337,119,16.164699615045052,36.19497381275235
grooming,9338,9451,113,19.975456780833944,32.92309455176358
sniffing,9452,9553,101,23.109153948579536,24.312521995572336
grooming,9554,9568,14,22.202977985944568,29.70267577394288
hunching,9569,9607,38,22.92025662147477,37.75212488326211
sniffing,9608,9715,107,17.20379675112461,24.940920552047608
rising,9716,9749,33,39.97679521781974,38.70813858389574
walking,9750,9790,40,89.9029159364514,20.795376093675063
sniffing,9791,9816,25,23.70892433820488,31.751464991138846
rearing,9817,9856,39,30.332816424417523,44.4234783641128
stepping,9857,9892,35,40.791757059558584,26.331085104366576
sniffing,9893,10039,146,16.871986584918453,25.685815030870668
left_turning,10040,10063,23,162.2657941867458,19.587317185668027
sniffing,10064,10085,21,9.836162050008886,17.32861202149367
grooming,10086,10123,37,13.772403903449852,20.89714216868979
sniffing,10124,10177,53,16.291602747830616,23.856243131408288
stepping,10178,10222,44,98.9722834878346,23.863070743211104
sniffing,10223,10237,14,42.29095523802111,30.71106384869508
walking,10238,10249,11,160.6152163368304,23.76865232927835
trotting,10250,10292,42,216.93064293501368,23.975378926053235
walking,10293,10307,14,120.5786078502926,23.678965580970768
sniffing,10308,10481,173,26.588296695391307,22.096409062529673
stepping,10482,10488,6,90.26889112850344,29.26725285946311
left_turning,10489,10512,23,103.42518415796836,23.278109360418174
sniffing,10513,10650,137,20.04271881522843,26.367070580115538
pausing,10651,10800,149,14.841538453099389,24.43383239194156
sniffing,10801,11023,222,24.56907522595605,27.775993069406077
running,11024,11069,45,258.92828794794053,25.099532170539685
stepping,11070,11114,44,97.89866385392652,21.005592115282205
walking,11115,11144,29,110.42722575235173,22.14425331577085
sniffing,11145,11163,18,42.36245689649746,19.469529748489347
stepping,11164,11196,32,48.87811933999688,25.29196841070064
sniffing,11197,11207,10,31.602685321285957,26.867919629307707
walking,11208,11231,23,90.97558600962434,26.47051737731842
sniffing,11232,11292,60,22.745448093974414,22.69718407316123
stepping,11293,11336,43,79.33190544472508,24.51850984567147
sniffing,11337,11384,47,50.18863630170703,28.28641117042906
walking,11385,11422,37,103.54411159212515,21.870195809389465
hunching,11423,11463,40,26.557074414518404,37.340553983316305
sniffing,11464,11501,37,13.95598033862707,19.82224416888256
grooming,11502,11518,16,12.329897510734758,28.23753507125053
sniffing,11519,11613,94,9.832345355360712,25.782003516293834
hunching,11614,11646,32,29.2719294760792,36.74300531999534
stepping,11647,11720,73,76.68281185741229,26.480019436044373
walking,11721,11752,31,170.69847875932814,23.05049277863065
stepping,11753,11786,33,60.31302240756936,22.187872525998657
sniffing,11787,11815,28,28.39629337727619,31.25957854390429
climbing,11816,11850,34,19.664637173127037,51.420322679462146
hunching,11851,11896,45,35.94287217139488,40.865026657882225
sniffing,11897,11950,53,25.554542888900308,29.817571112650143
walking,11951,11979,28,108.42949707985575,28.087589750682092
trotting,11980,12023,43,242.71194551518255,22.150146564132285
stepping,12024,12072,48,78.55634510030285,25.4419432880745
sniffing,12073,12210,137,12.096264280207622,26.7905795757253
left_turning,12211,12248,37,62.5417892534119,22.434947284454
sniffing,12249,12302,53,37.635388582029655,23.504927226027817
climbing,12303,12352,49,24.16945798373917,48.824393097916
sniffing,12353,12448,95,10.646018363819879,28.749645257907464
left_turning,12449,12461,12,137.68952469459174,25.155789158986504
trotting,12462,12485,23,185.9047160521187,23.911140620880683
left_turning,12486,12533,47,119.92262624128995,25.224288527170575
stepping,12534,12540,6,62.926177791433254,26.80581504865547
sniffing,12541,12626,85,15.693448490450931,17.085699059823813
stepping,12627,12699,72,80.38392879006777,18.965375455850523
sniffing,12700,12790,90,19.51823907315694,22.59687696833019
climbing,12791,12846,55,26.120317413679963,49.41137612324199
sniffing,12847,12952,105,8.866654327729828,25.862624723162554
left_turning,12953,12959,6,31.3676718026566,22.63633517333819
sniffing,12960,13050,90,15.382150070447498,20.28610033171481
climbing,13051,13089,38,29.56998186923411,50.64414488384601
hunching,13090,13097,7,71.40185376108462,33.109584150363325
sniffing,13098,13165,67,27.611988733499953,28.068998696093512
left_turning,13166,13183,17,195.57330821889556,27.582485145575472
sniffing,13184,13210,26,73.1564758177558,34.98261269475146
walking,13211,13269,58,159.39997679483966,20.21590166912727
stepping,13270,13300,30,44.37095176603636,23.374289583678184
rising,13301,13325,24,15.254330296642813,35.370037485185115
rearing,13326,13370,44,41.60313882860696,43.65825121740568
sniffing,13371,13447,76,54.15297205934507,25.715102936379868
rising,13448,13461,13,28.2123208371812,31.986230366950576
hunching,13462,13480,18,29.15351305028997,39.81965990197702
sniffing,13481,13491,10,16.26170270679279,29.383790935036608
left_turning,13492,13510,18,48.411123695941995,26.764147611339478
walking,13511,13561,50,117.16992035950625,26.180580293939364
grooming,13562,13584,22,32.511420939650286,35.80230029104815
left_turning,13585,13599,14,167.59256858898394,24.096773329976255
trotting,13600,13653,53,201.5729940697204,18.909108262326555
sniffing,13654,13688,34,16.74271191216529,14.015713090841022
rising,13689,13697,8,28.445021351606037,35.16391312361345
climbing,13698,13738,40,30.161673651676654,51.583495725891716
sniffing,13739,13844,105,12.716493238376025,27.358404988059103
stepping,13845,13863,18,56.33286807719437,30.154177803927286
right_turning,13864,13917,53,64.45978392676743,27.431374762432423
stepping,13918,13941,23,50.40897583907358,21.157877142963876
walking,13942,13997,55,190.4025185016437,25.052195791483626
stepping,13998,14018,20,63.23613916116839,21.00800403285529
sniffing,14019,14096,77,17.235601181705075,22.73643594578327
climbing,14097,14134,37,28.167090068756867,49.70287874494434
rising,14135,14143,8,55.53785659412992,33.664512445841524
sniffing,14144,14170,26,10.485792492565043,24.619762820359323
rising,14171,14195,24,6.686121361817134,31.326300003286075
sniffing,14196,14356,160,15.83470037531135,26.91825615428121
rising,14357,14395,38,22.135016226660976,39.24522534481702
sniffing,14396,14447,51,10.42343637767459,26.76362061561276
stepping,14448,14474,26,66.72293035834534,28.368849167666173
walking,14475,14507,32,142.75754362925073,29.64464541202101
sniffing,14508,14532,24,17.184542853765496,34.470189230468044
hunching,14533,14571,38,37.8140540124438,40.942309586337466
walking,14572,14572,0,139.00875665176164,23.284751795456824
running,14573,14592,19,242.7621142251358,26.27495371119857
walking,14593,14648,55,93.14485530804856,21.08584078909228
stepping,14649,14687,38,73.26596722967892,18.663211125888658
sniffing,14688,14699,11,39.30938327791436,33.086222183087536
climbing,14700,14737,37,21.07332015134995,55.48322300338049
rising,14738,14750,12,51.8615778027694,33.46882935288424
sniffing,14751,14919,168,20.874601478544065,23.891720335757537
stepping,14920,14940,20,86.56905592563164,26.041854947254002
sniffing,14941,14965,24,25.220406821550274,29.62471974002702
walking,14966,15013,47,114.38743410384978,26.302422400089778
stepping,15014,15030,16,7.631084363889588,18.895703837867046
sniffing,15031,15069,38,5.661952777936635,19.194179445236262
stepping,15070,15081,11,71.00485355106899,23.853199093693178
walking,15082,15123,41,131.93861164227906,23.90393371902083
sniffing,15124,15139,15,15.888577821146713,21.522240127313516
stepping,15140,15145,5,112.13601170652339,24.324198563047272
walking,15146,15167,21,106.56130478536893,24.16857563461753
sniffing,15168,15219,51,38.17548379184726,23.04069404715856
walking,15220,15261,41,182.19783471162384,25.35917012123733
sniffing,15262,15321,59,29.584402379773586,23.394113175580376
walking,15322,15328,6,153.25033323527956,29.50117042031669
sniffing,15329,15347,18,59.761736299694384,32.1744775265452
walking,15348,15362,14,148.80287619844276,23.984256350134228
sniffing,15363,15383,20,11.160192652191801,26.549688338087314
walking,15384,15412,28,95.62451658833427,18.872867801069138
sniffing,15413,15453,40,30.40471018282486,19.016018125656515
rearing,15454,15492,38,32.43224857558371,46.645512402137136
sniffing,15493,15600,107,9.289136287203332,19.65239576122482
hunching,15601,15634,33,36.634757536822505,34.37772597082208
sniffing,15635,15786,151,15.875545401345597,30.806441759337957
hunching,15787,15819,32,25.308400935311504,44.28042879326426
walking,15820,15899,79,157.00034121385548,22.329756939696257
hunching,15900,15917,17,28.210136397472322,32.72311910818168
climbing,15918,15968,50,42.63046738083161,45.102324124747724
walking,15969,15983,14,127.04931978136808,28.07132293225565
stepping,15984,16013,29,54.158694231268605,24.44460997256146
sniffing,16014,16171,157,15.002814326584202,25.165329203390538
stepping,16172,16195,23,37.413404525510394,23.875508630052835
sniffing,16196,16222,26,45.53420134369488,22.386819279888236
stepping,16223,16256,33,99.3612886464615,23.10983449369875
walking,16257,16289,32,160.42728651910514,21.153590477368226
sniffing,16290,16361,71,34.07161289613758,19.04722111062336
grooming,16362,16397,35,13.82230255597233,27.986485574413166
sniffing,16398,16421,23,51.03506655050978,27.64470487621615
left_turning,16422,16437,15,103.17310756662891,21.763219440890758
stepping,16438,16481,43,101.44953289206688,22.887346415347142
sniffing,16482,16562,80,25.901490894788243,22.01280820479311
left_turning,16563,16573,10,85.83573253137637,24.683824427664486
stepping,16574,16605,31,86.00235749338331,22.4164459100593
sniffing,16606,16686,80,13.66836045886247,26.706159468156677
left_turning,16687,16731,44,135.76637489359484,24.642056031644323
walking,16732,16764,32,112.31151611961798,24.12908051495473
sniffing,16765,16778,13,51.00689348831269,33.84137303681287
walking,16779,16793,14,100.32962770160212,23.609496213363954
stepping,16794,16839,45,112.32580516388931,22.800537669635833
sniffing,16840,16878,38,35.04740295568958,19.337479896378447
grooming,16879,16903,24,24.949131452431065,27.49790355176148
sniffing,16904,16935,31,12.075995073314745,20.434466744507972
rearing,16936,16944,8,31.30973186581478,37.27496071159326
climbing,16945,16975,30,18.288915984499752,55.446288912566686
rearing,16976,17027,51,34.88563590622103,40.755799212199314
hunching,17028,17031,3,50.634473278888954,31.840141888540927
sniffing,17032,17081,49,43.35800740854422,27.368590738661197
walking,17082,17092,10,136.96332031816374,30.877144491080887
sniffing,17093,17132,39,27.347873709229702,28.570689641043277
trotting,17133,17170,37,245.51862753540297,22.7599103791807
walking,17171,17200,29,167.50727653696867,20.53720703950714
stepping,17201,17230,29,86.79435676576405,22.30712422693782
walking,17231,17250,19,144.45022483764077,22.1799002332335
sniffing,17251,17357,106,19.98432208848735,24.48557763007228
left_turning,17358,17411,53,34.62014407676844,24.747958730856826
stepping,17412,17447,35,54.92073534680722,24.583198341593466
walking,17448,17492,44,138.50271932129755,22.29007093121078
sniffing,17493,17534,41,26.095691520871895,22.373349756972566
left_turning,17535,17567,32,61.31085330713716,23.108325282603893
sniffing,17568,17627,59,29.597825373601665,21.317691489543883
rearing,17628,17664,36,33.478785948319775,44.30091376205491
sniffing,17665,17757,92,30.318542457803236,21.44251914624636
left_turning,17758,17810,52,112.61430351622897,26.445863851988552
stepping,17811,17870,59,94.98798290594253,23.080814039158067
sniffing,17871,17918,47,38.28741792899384,23.40087433159519
rising,17919,17935,16,32.61623726077023,35.900861047012484
sniffing,17936,18001,65,50.26561041642948,27.765979865536544
stepping,18002,18022,20,52.776605650268635,25.498458084012327
walking,18023,18074,51,96.34368288097819,24.300908300659177
stepping,18075,18098,23,68.09968168853867,29.029697614651948
left_turning,18099,18175,76,83.75103002418294,21.7257569324676
stepping,18176,18221,45,47.8383255717459,19.758009409309953
sniffing,18222,18230,8,18.303728343900858,24.041137480643833
grooming,18231,18242,11,28.114057661763876,30.84351814508855
sniffing,18243,18248,5,44.65795600379035,24.48992636831598
left_turning,18249,18284,35,105.84436721858745,24.90483893780519
walking,18285,18339,54,181.6216334650305,24.256765245566065
stepping,18340,18396,56,63.39591848912422,20.54467816148465
sniffing,18397,18459,62,34.69743891386596,21.693302153920477
left_turning,18460,18489,29,121.48997782318209,26.732786293080316
stepping,18490,18549,59,92.24161563347096,20.89441978626626
left_turning,18550,18602,52,93.2592364942993,26.083109023530053
walking,18603,18683,80,148.0479047311596,23.22649509377049
stepping,18684,18779,95,59.06660269467658,20.243541233951337
left_turning,18780,18811,31,78.34620034249917,24.400015556126917
walking,18812,18836,24,105.15583844953406,24.404541126798108
sniffing,18837,18871,34,23.15381451785384,23.29841008668537
left_turning,18872,18874,2,130.67135371291775,25.15108115921377
walking,18875,18907,32,182.5052100710894,25.417666819131398
stepping,18908,18948,40,34.42386209985589,24.355046720930424
sniffing,18949,18988,39,43.49342133360182,27.61477735383009
stepping,18989,19038,49,75.86860932434291,22.490235784137717
sniffing,19039,19155,116,30.829209129549238,22.43804501923276
rearing,19156,19210,54,34.12136383649963,48.076885491930476
sniffing,19211,19274,63,20.604771887279888,22.820664832527868
walking,19275,19321,46,124.88879306284618,26.86396173596246
left_turning,19322,19379,57,77.41939095421503,21.74901509289153
sniffing,19380,19396,16,23.114470543720476,20.30805424073428
rising,19397,19405,8,34.34227793358861,36.073652403348696
climbing,19406,19491,85,26.80771815174604,50.175810393590226
rising,19492,19504,12,56.523957787703814,36.389426886028296
sniffing,19505,19536,31,11.046987902617303,25.674811625429655
grooming,19537,19574,37,27.031728512193958,33.257040353029566
climbing,19575,19630,55,20.710595011253975,58.64783379481472
rising,19631,19647,16,33.718713786686436,35.76711209483095
left_turning,19648,19694,46,75.96737047320995,30.471082590027475
walking,19695,19754,59,176.2449152853015,23.936282335543964
sniffing,19755,19785,30,65.52157153190215,23.15285272095887
walking,19786,19841,55,144.4456676475773,23.978850657027188
sniffing,19842,19883,41,27.538623019913476,21.048263968467126
hunching,19884,19911,27,23.328306963111057,33.24597706326949
sniffing,19912,20023,111,21.693025230441176,20.61425880740405
left_turning,20024,20036,12,60.84974596616861,23.811521248400574
sniffing,20037,20082,45,20.419785047136248,22.20035460924144
stepping,20083,20088,5,95.59852642335761,25.78542896816029
walking,20089,20143,54,142.6104020970458,24.398637317765655
sniffing,20144,20173,29,23.368866388978805,19.601802545684677
left_turning,20174,20223,49,73.85986307212319,20.505420170447955
sniffing,20224,20233,9,48.12526067128235,37.82586852342918
climbing,20234,20269,35,40.00980860991566,56.119079769012785
sniffing,20270,20375,105,16.40373985226218,21.702377670565223
rising,20376,20401,25,26.79648916996914,37.196950565087505
sniffing,20402,20462,60,21.46174592990907,25.016219490583065
stepping,20463,20494,31,91.64605218588218,27.077008842244137
walking,20495,20567,72,143.43071339801688,25.086483268751405
stepping,20568,20598,30,19.50333083521717,22.08630372388104
sniffing,20599,20610,11,18.723547844357245,25.90816021713403
left_turning,20611,20622,11,66.35467781982797,24.02655504339381
walking,20623,20653,30,122.8930093109723,23.503974307323315
sniffing,20654,20727,73,16.845118348817028,24.0465680218447
left_turning,20728,20733,5,112.02169169067791,23.51601905033525
walking,20734,20782,48,150.6323785355441,23.89045363076762
left_turning,20783,20799,16,23.475744163671926,19.861432733944422
sniffing,20800,20896,96,16.802409194633093,23.49261115131992
hunching,20897,20941,44,39.94774541713294,46.34279441913964
sniffing,20942,20981,39,6.240594725233271,21.66071670415677
grooming,20982,21012,30,18.04761614172243,32.38644071748288
sniffing,21013,21051,38,11.882519042843247,25.644737789689177
rising,21052,21073,21,27.67993103581601,35.704594959434104
stepping,21074,21105,31,56.179718719856,26.199226018065342
walking,21106,21144,38,114.17627141567314,25.741814482921487
sniffing,21145,21171,26,29.12703796250653,32.494453587027756
right_turning,21172,21173,1,49.85951930381381,30.49762942399706
walking,21174,21185,11,102.47401455358731,23.80995865198115
trotting,21186,21226,40,237.42591173631,22.15986870562483
sniffing,21227,21343,116,39.44232089993704,25.626156983817285
rising,21344,21365,21,44.41987532704646,39.39249357209931
sniffing,21366,21430,64,36.12779766489664,26.547147039508836
left_turning,21431,21480,49,122.48175228997661,25.34187569517409
stepping,21481,21529,48,87.69093663482491,22.20513918600192
walking,21530,21572,42,114.05049310217917,23.016295241589575
sniffing,21573,21617,44,50.594287355411055,25.243365654340934
walking,21618,21634,16,168.71292159674616,24.772106908112566
stepping,21635,21670,35,40.68035247419722,23.655136744072273
walking,21671,21689,18,147.13420310869975,31.33136581504772
rising,21690,21734,44,25.697495178542074,38.718832939109184
sniffing,21735,21888,153,20.372990045989397,25.749836038277053
hunching,21889,21940,51,20.537340775664852,39.75565154976621
sniffing,21941,21964,23,20.91172487201928,34.422857063087996
stepping,21965,21979,14,57.18286123520344,22.647504692453357
sniffing,21980,22039,59,10.803047851298407,25.89690274753504
grooming,22040,22093,53,9.518435325637912,28.607294466299248
sniffing,22094,22134,40,30.692563121936857,31.568836802828823
hunching,22135,22235,100,8.431639251316485,38.11328486576421
stepping,22236,22326,90,64.83007994032607,23.599548899418604
sniffing,22327,22391,64,14.49167341468397,19.1434121954822
grooming,22392,22421,29,24.758549211484432,28.119150457406622
hunching,22422,22476,54,12.986487755015668,36.259777912121606
sniffing,22477,22495,18,16.75932062424481,22.86679672736643
walking,22496,22499,3,106.77293006919139,23.202983440791925
trotting,22500,22529,29,198.27715245913666,26.456825272121993
grooming,22530,22566,36,40.86809644828313,37.667610641039595
stepping,22567,22577,10,48.669157806655214,20.08855401558471
grooming,22578,22601,23,24.57367479162799,27.270587136946034
hunching,22602,22627,25,27.652538272141058,39.19274732729465
grooming,22628,22669,41,27.607972505084366,31.54575144259194
sniffing,22670,22675,5,106.19097305054247,29.206940208300505
left_turning,22676,22695,19,178.5032528089509,29.25995709179876
trotting,22696,22740,44,227.31296445326632,25.181602862095502
stepping,22741,22769,28,38.89611740783772,21.36277770695926
sniffing,22770,22945,175,10.743440209934969,23.612953474626774
stepping,22946,23010,64,67.7426849932994,21.543281102294788
sniffing,23011,23087,76,25.995018339305734,21.3139864363588
grooming,23088,23120,32,23.115421491605705,33.20725007221938
sniffing,23121,23180,59,19.187136656462904,28.63324183913428
walking,23181,23223,42,145.17617435449728,25.7868898073814
sniffing,23224,23252,28,19.56593962454211,22.71733837325027
stepping,23253,23308,55,58.587792581145834,22.64469474544315
sniffing,23309,23323,14,42.27105380529919,25.208121967202228
walking,23324,23358,34,138.46966619193952,23.584903529218433
left_turning,23359,23397,38,92.18885933867206,25.317016083116503
walking,23398,23428,30,170.79863673860027,23.8601329418135
trotting,23429,23470,41,185.7993130693181,22.21357221216794
sniffing,23471,23487,16,26.43331531917504,25.825301731215013
stepping,23488,23510,22,46.25334095801898,19.95866668580783
sniffing,23511,23556,45,37.019994237680315,23.00737718534287
grooming,23557,23590,33,17.680761515799787,29.80526045835752
rearing,23591,23637,46,28.875418035476123,43.4585187878844
stepping,23638,23644,6,59.368123294010786,25.126677448988755
walking,23645,23691,46,177.2681090449462,23.176716172640624
rising,23692,23704,12,40.4377900384307,32.35729116537469
climbing,23705,23741,36,20.720694894864,52.444275957072165
hunching,23742,23753,11,56.1136967265582,34.66721949167174
sniffing,23754,23793,39,27.733040759295854,31.349352313823307
right_turning,23794,23805,11,90.49100723962032,25.98802282865201
walking,23806,23848,42,115.18033628044836,29.379790248962934
hunching,23849,23883,34,37.45345872317588,39.04213825253682
left_turning,23884,23902,18,125.14205104315718,26.670966882381848
sniffing,23903,23976,73,20.771157393889887,29.653519147660578
hunching,23977,23989,12,27.90210149656233,35.06893645415684
rising,23990,24043,53,14.65200829705209,38.62466410277078
sniffing,24044,24081,37,30.71917516323694,23.974189958365383
left_turning,24082,24226,144,108.60742313746896,22.842038926421278
sniffing,24227,24282,55,41.1342879614181,25.205173827817777
walking,24283,24341,58,185.70934075857355,24.659350683976257
sniffing,24342,24463,121,26.00166940111062,22.72427659478403
walking,24464,24472,8,81.71587710817849,22.05623305193029
sniffing,24473,24511,38,39.64639078802661,30.669938069009078
rearing,24512,24563,51,21.25598312427309,43.58800790516037
hunching,24564,24618,54,6.8403595449595676,37.58527289158139
rising,24619,24648,29,6.373221502150557,36.57472614052171
sniffing,24649,24702,53,15.6414799761133,29.813912167119565
stepping,24703,24772,69,55.04723006270179,25.9469236896486
sniffing,24773,24943,170,14.508673494170718,22.75638055124336
walking,24944,24998,54,155.20077915232517,24.16096110144029
sniffing,24999,25127,128,23.110795296574686,22.783646002633873
stepping,25128,25159,31,65.39651140188519,22.204794473893855
sniffing,25160,25200,40,25.84838371253742,22.289956186830853
pausing,25201,25351,150,10.995591809782114,26.71222081116447
sniffing,25352,25436,84,14.068075639408434,25.793045646836482
left_turning,25437,25440,3,31.95760410217234,24.05513473650171
stepping,25441,25450,9,45.282289006217276,26.861009280066774
sniffing,25451,25621,170,9.113216959450474,27.326521346473704
grooming,25622,25638,16,50.8155637622722,24.439858860268743
sniffing,25639,25686,47,18.82628116585595,21.786349976352355
hunching,25687,25728,41,19.543245761558797,40.867309037691335
climbing,25729,25749,20,25.151362505846702,45.87730537747776
sniffing,25750,25826,76,10.613596835284927,29.367746282946072
rising,25827,25882,55,4.711046382470412,30.604259201632058
sniffing,25883,26017,134,5.213532086761925,24.69400523919662
grooming,26018,26042,24,24.805691221142325,27.80726816087561
walking,26043,26066,23,140.2624639910628,24.23062174519518
sniffing,26067,26091,24,50.45073338969383,23.493114633701243
left_turning,26092,26110,18,32.975993138914966,21.520158418581346
sniffing,26111,26140,29,34.27905525326578,25.781231825261475
walking,26141,26266,125,127.4362852343419,22.92839837411083
stepping,26267,26340,73,69.95238498468618,26.462158957115804
sniffing,26341,26494,153,15.612268957707013,26.648227901745816
walking,26495,26511,16,130.4947546726774,27.786156566601964
sniffing,26512,26629,117,16.232645176113486,26.795983480568896
walking,26630,26652,22,103.12193498273048,26.61599704960543
stepping,26653,26698,45,52.54469830215301,22.30590844759629
walking,26699,26713,14,97.27130934946852,25.59854867822486
sniffing,26714,26779,65,25.41203110372308,23.682502067220216
stepping,26780,26804,24,66.67829293936042,25.43387672491666
sniffing,26805,26833,28,16.67374232465379,25.954932425146243
left_turning,26834,26853,19,47.19298305336225,24.85839199741164
walking,26854,26905,51,123.6791936789744,25.13940463702697
sniffing,26906,27081,175,19.80047668421712,23.516312335591614
stepping,27082,27128,46,88.96823657460868,20.17091957225145
sniffing,27129,27144,15,28.483915922478754,31.96400418203488
climbing,27145,27189,44,31.95930970864979,57.2921960815116
rearing,27190,27239,49,14.93632189892741,38.479461121314294
climbing,27240,27279,39,14.717094304677966,37.524440863873664
sniffing,27280,27300,20,74.7954040121574,27.77793661185959
pausing,27301,27451,150,10.153047463769225,26.891055123676406
sniffing,27452,27465,13,22.60777441867769,23.962758755459664
stepping,27466,27513,47,43.67692110442659,25.385726739835587
trotting,27514,27556,42,226.34384260535515,26.266098332075778
walking,27557,27558,1,178.7945254377734,29.634426463196892
sniffing,27559,27750,191,30.01476393319486,25.953858799182854
pausing,27751,27901,150,19.43749730243831,30.34351327546639
sniffing,27902,28007,105,14.764777962586892,32.29921297688968
grooming,28008,28137,129,18.29051260962544,23.885044746136913
sniffing,28138,28200,62,19.47468456202743,29.140901589516222
pausing,28201,28351,150,15.307024827289998,34.58129257486286
sniffing,28352,28427,75,15.870302970561777,36.2049825671837
grooming,28428,28837,409,20.690841889802446,25.866640248786883
sniffing,28838,28861,23,18.13399237549587,30.33133704561564
grooming,28862,29201,339,21.50292729673076,29.118268624271394
sniffing,29202,29223,21,16.32664482529556,30.785830785651104
grooming,29224,29427,203,18.2341446783658,32.53638813055539
sniffing,29428,29627,199,16.969099325242695,28.69994342760783
grooming,29628,29847,219,20.860498666983908,28.291620729197373
sniffing,29848,29850,2,27.36310935529634,30.911660075340293
pausing,29851,30151,300,15.293596884529041,30.799412367236727
sniffing,30152,30167,15,34.58496385982831,29.319812774714013
grooming,30168,30227,59,25.150720598410775,29.16184985425482
sniffing,30228,30300,72,17.573834121631496,30.642899954181186
pausing,30301,30451,150,16.24824468713358,30.49919943694001
sniffing,30452,30539,87,15.902109118523914,31.952009062539297
grooming,30540,31079,539,19.81114673671207,29.0323922066915
sniffing,31080,31109,29,18.559658276179878,31.637047750062106
grooming,31110,31699,589,18.228942003492605,25.14513404779749
sniffing,31700,31771,71,8.840836306914776,28.458244658219762
grooming,31772,31831,59,11.61706409594682,35.15339659962613
hunching,31832,31870,38,10.134247574115207,38.51464458756223
sniffing,31871,32152,281,17.728553769969952,24.25620901419155
climbing,32153,32186,33,26.042234212314156,45.59630082842269
sniffing,32187,32250,63,20.32867706198914,22.91326846801493
pausing,32251,32551,300,13.713497420157553,26.939013855430915
sniffing,32552,32688,136,19.62533695206111,28.32847103561983
rising,32689,32738,49,15.58548988168199,30.116544901039376
rearing,32739,32786,47,15.913093625482643,36.30832723309992
sniffing,32787,32906,119,12.480533271407861,27.44261649254475
grooming,32907,32966,59,8.837261793091871,28.318025414399663
sniffing,32967,32973,6,21.28134778413865,26.354812653149697
stepping,32974,33001,27,21.561895981353047,24.738212789724635
sniffing,33002,33141,139,17.376984324521658,26.865701688228118
hunching,33142,33184,42,20.846682308769104,34.280323365264024
left_turning,33185,33199,14,53.53159238559524,23.859953838203847
stepping,33200,33266,66,86.13585225369978,24.458223425882313
walking,33267,33323,56,115.60442435646422,24.970941839034793
sniffing,33324,33363,39,18.877728375709175,28.585888669351355
climbing,33364,33419,55,14.895345651371539,45.0677189305031
hunching,33420,33437,17,17.46852721903888,41.6165850589038
left_turning,33438,33457,19,90.86027884689868,25.844148964195046
walking,33458,33530,72,129.1198426464485,26.119897898520495
left_turning,33531,33570,39,60.68071593741199,24.625483532838143
stepping,33571,33581,10,46.12460618203852,25.283351662665734
sniffing,33582,33605,23,15.754724284673543,25.712118730564885
hunching,33606,33634,28,25.85499926623379,32.20883770133304
climbing,33635,33691,56,18.651007754540494,44.620212206083814
rising,33692,33697,5,30.25473694746549,29.318065438315944
sniffing,33698,33727,29,18.856255285893933,21.696824174073036
rising,33728,33776,48,17.855110398487188,31.26775739984788
left_turning,33777,33793,16,161.42872843104746,27.210262841040475
walking,33794,33811,17,137.40976987225503,24.73583100713966
sniffing,33812,33833,21,27.47187239869605,21.866309295553968
left_turning,33834,33930,96,127.28030451958813,24.44843675678015
walking,33931,33987,56,156.72153029968777,24.532644800483833
sniffing,33988,34000,12,49.139494119544445,29.19168646888759
walking,34001,34004,3,101.79895291611976,22.538905151535435
sniffing,34005,34044,39,51.8515148701812,21.00135453147758
stepping,34045,34088,43,77.02555413373368,21.5849695718203
sniffing,34089,34142,53,19.956114500078918,24.990659387930993
climbing,34143,34184,41,23.895957019309712,44.009297923752214
sniffing,34185,34219,34,11.099298948193633,26.664047204870148
left_turning,34220,34274,54,67.05425858918375,25.07103736534099
sniffing,34275,34288,13,39.93372717157628,34.49917887104485
climbing,34289,34332,43,23.34552700183823,50.453832253921426
hunching,34333,34341,8,54.11535282422174,37.95142724099746
sniffing,34342,34407,65,45.14408140890276,23.598117533017785
stepping,34408,34417,9,67.57049811317358,29.11086171998658
sniffing,34418,34457,39,8.517581027099578,30.478161357599653
walking,34458,34506,48,179.36004361147144,25.36078236677049
stepping,34507,34524,17,82.57141074193551,23.415693051951777
trotting,34525,34547,22,176.20439074484756,22.485535678890617
left_turning,34548,34587,39,100.74442198741562,22.00616363024418
sniffing,34588,34650,62,25.080388133312574,25.040116872812536
pausing,34651,34801,150,18.955450998093063,28.48669606618211
sniffing,34802,34846,44,25.18861088683081,25.653700081082857
walking,34847,34907,60,157.68942137218394,23.719116571237244
sniffing,34908,34962,54,19.46252322991138,27.509899095241437
left_turning,34963,35005,42,103.0977528952503,25.091136700021167
trotting,35006,35056,50,191.47162722161727,22.305326747383706
sniffing,35057,35100,43,53.29590796874184,30.496000002539287
pausing,35101,35401,300,6.498486744902182,27.201787666895097
sniffing,35402,35467,65,12.352530935745154,27.346647718492722
right_turning,35468,35484,16,67.31671859351411,26.085224605325575
walking,35485,35590,105,137.91720174805823,21.93881757586903
rising,35591,35601,10,24.712552918520203,31.436122362117615
climbing,35602,35644,42,33.08980036534967,50.14123206701584
hunching,35645,35650,5,55.723547182158946,36.781974762988895
rising,35651,35676,25,27.76256473229751,31.13737872956083
sniffing,35677,35736,59,20.193018802574734,27.833307154727926
stepping,35737,35761,24,29.611419821053868,25.721404067626406
sniffing,35762,35813,51,20.380559172085814,23.03710692498239
climbing,35814,35868,54,25.51003650454309,38.527375113795095
rising,35869,35885,16,78.50624304478904,34.42938748749918
stepping,35886,35914,28,47.65539406615576,26.33342853876415
running,35915,35943,28,293.2752148308296,25.232885281546867
sniffing,35944,36035,91,28.952774338519017,18.14250375191487
climbing,36036,36078,42,26.09379991327087,38.469093214236565
hunching,36079,36138,59,11.74800409353752,32.18222190470146
sniffing,36139,36214,75,17.869996002594117,28.77834669766594
walking,36215,36258,43,142.97532693515615,23.2612135659432
stepping,36259,36337,78,77.22061041328723,24.193252839249265
sniffing,36338,36382,44,31.07447246799708,23.10409271276889
walking,36383,36390,7,74.31883527934377,21.6683728080688
sniffing,36391,36417,26,15.083102828587485,20.88221512585519
stepping,36418,36431,13,74.15608019905241,27.975565850062537
walking,36432,36460,28,95.39564217538658,20.565833569777382
sniffing,36461,36519,58,9.956743113718497,19.767016655363786
grooming,36520,36577,57,10.666046871947216,29.44639863809861
sniffing,36578,36619,41,19.2504135991704,26.82516694690936
walking,36620,36655,35,109.56773931943943,24.283397335416936
sniffing,36656,36711,55,51.35493245387171,26.095425612579596
grooming,36712,36763,51,29.99482616412208,26.871076056036124
climbing,36764,36818,54,17.610392806811582,52.306396206238425
hunching,36819,36865,46,22.899011479138665,36.04603456728315
sniffing,36866,36897,31,14.2028837401358,24.66799827348042
hunching,36898,36927,29,10.4207772437526,35.19116007833695
sniffing,36928,36998,70,49.20303695125478,26.812092432031623
walking,36999,37065,66,142.89281229854316,23.85316579240468
sniffing,37066,37200,134,18.064542592734643,23.25204653788987
pausing,37201,37351,150,8.109454124975858,27.243217559523103
sniffing,37352,37378,26,23.509917594281138,22.824531366544967
grooming,37379,37452,73,5.376910679765051,27.696940270617528
sniffing,37453,37575,122,18.15785931354017,25.170490560951517
right_turning,37576,37627,51,53.817915643020584,22.75602915096796
sniffing,37628,37763,135,7.8451646253688825,19.982014157364823
walking,37764,37799,35,111.53893417115977,25.022511394082677
stepping,37800,37853,53,75.83073995790566,22.983528022192576
walking,37854,37887,33,100.93381377071842,25.67680112954733
sniffing,37888,38035,147,33.27335560187864,24.711106052105322
stepping,38036,38144,108,87.3198309465166,23.616884146145683
sniffing,38145,38293,148,25.61124626536626,25.261800981847014
left_turning,38294,38324,30,94.94250234712322,27.493036149271905
stepping,38325,38359,34,86.28063540389886,24.89013219620838
trotting,38360,38374,14,213.94465986823724,22.067966657195573
sniffing,38375,38534,159,30.902909839914408,25.92599266810807
walking,38535,38575,40,82.50905847335669,25.324121585933305
hunching,38576,38621,45,26.551968274788727,36.755810145198
sniffing,38622,38641,19,17.30856686522285,20.389086455351443
stepping,38642,38659,17,58.260781803460745,22.25125208161408
sniffing,38660,38697,37,25.18000067319996,24.74435193861454
grooming,38698,38749,51,32.55271441925857,30.754517760473348
climbing,38750,38784,34,20.0156005849913,42.64224929123635
sniffing,38785,38848,63,32.744887335523146,29.276190309706024
stepping,38849,38858,9,54.01983496327006,26.188436698993694
sniffing,38859,38902,43,39.313504075111226,27.794225993241763
walking,38903,38927,24,108.49046786876575,27.454653122268933
left_turning,38928,38981,53,50.8097977999765,25.070109314989818
running,38982,39008,26,256.6912517016983,23.502041016555925
sniffing,39009,39088,79,35.22530857922864,21.066745304673425
walking,39089,39125,36,151.58140713464917,23.909404789706766
left_turning,39126,39166,40,40.987552569780604,24.466079664850863
sniffing,39167,39246,79,24.231937332327476,23.87386022262937
left_turning,39247,39296,49,88.03339918471497,23.11974303121737
sniffing,39297,39359,62,13.294005112006847,24.764913217906464
walking,39360,39417,57,126.28696817341486,28.645311732182424
stepping,39418,39441,23,93.95892239376268,21.348931879945855
sniffing,39442,39532,90,12.0105102633052,21.745976438331898
stepping,39533,39567,34,63.18150210338758,24.809195792409298
walking,39568,39613,45,123.56474600080826,22.051860342682243
sniffing,39614,39663,49,27.77552558690843,23.898162399408772
walking,39664,39693,29,133.27497022120363,24.550540503391108
stepping,39694,39704,10,73.0082159087239,25.307883720004135
sniffing,39705,39750,45,35.35319483375797,22.690858180265003
pausing,39751,40051,300,10.001624343815385,23.699873824427407
sniffing,40052,40083,31,19.827039344256946,23.79605443543195
stepping,40084,40109,25,93.83570776987901,25.984108454760467
grooming,40110,40169,59,28.138139586445313,27.17704610930406
sniffing,40170,40187,17,30.58234914080432,24.21937432114292
stepping,40188,40322,134,15.070220775547101,21.669419536104577
walking,40323,40325,2,54.025967828059805,25.934465716469262
sniffing,40326,40333,7,38.797964880178604,34.85116213540803
climbing,40334,40383,49,11.849158299566852,48.73001695082247
rearing,40384,40429,45,36.059719714091784,38.718929305433356
sniffing,40430,40454,24,68.90236811282779,29.410194789541634
grooming,40455,40488,33,9.708242923826955,32.440933656322215
sniffing,40489,40500,11,6.5808091558199235,32.440445112631636
pausing,40501,40651,150,10.24049491331863,30.76551690187571
sniffing,40652,40746,94,45.664579543393444,30.563397807449775
hunching,40747,40782,35,40.79597798064594,39.17032788064249
stepping,40783,40799,16,86.79991495916572,26.749968900112755
walking,40800,40863,63,113.94599328323866,25.919471252381463
sniffing,40864,41024,160,20.205130706684386,28.314074986058614
grooming,41025,41084,59,20.72795760073159,33.670676230058795
sniffing,41085,41100,15,17.244639320329938,32.86073106026241
pausing,41101,41251,150,10.085500530571647,28.83834994665537
sniffing,41252,41300,48,35.908258046405145,26.975363731660394
right_turning,41301,41309,8,197.6817914277796,22.145970131358023
walking,41310,41340,30,113.66326845139189,23.12260315005517
stepping,41341,41381,40,75.3867683831901,23.306275277232512
walking,41382,41424,42,93.97617416507579,23.16810654431253
stepping,41425,41460,35,83.64514796224739,23.488425323222184
sniffing,41461,41545,84,23.329114335013696,24.264740695885116
grooming,41546,41570,24,22.38826898702091,36.11682013958727
sniffing,41571,41590,19,66.61166644787929,28.649164698994174
stepping,41591,41632,41,95.91757333615543,28.542586220054492
walking,41633,41687,54,133.29161350503853,23.438659566936902
sniffing,41688,41693,5,44.551742622989075,27.23525736625921
rising,41694,41711,17,47.291327947659134,34.050169912400634
climbing,41712,41764,52,27.050625195921803,51.13536591642321
rising,41765,41774,9,52.44969518906123,33.78792930427388
hunching,41775,41834,59,8.995040362508917,33.20023440390111
sniffing,41835,41850,15,6.364469812239758,32.99950958592535
pausing,41851,42001,150,16.228107560225546,31.327184995568043
sniffing,42002,42002,0,19.25037338679968,30.65783974952697
rising,42003,42055,52,25.88875753783622,36.351554775328495
right_turning,42056,42082,26,70.70312459433242,26.728302802250376
walking,42083,42122,39,125.86080698126041,24.984937664447838
sniffing,42123,42257,134,20.603810335139613,26.618161003237148
hunching,42258,42301,43,20.37983113510717,45.08217922448501
sniffing,42302,42358,56,16.595810141334912,27.315028028030518
walking,42359,42443,84,159.71381263836332,24.362862229933523
stepping,42444,42480,36,102.715015734217,20.962083934306186
sniffing,42481,42713,232,18.98126322999466,21.1979500524315
walking,42714,42734,20,118.54790908348389,26.31600547464544
stepping,42735,42777,42,85.15394103746594,20.52940910628436
sniffing,42778,42837,59,35.89484112424197,18.020680545660195
walking,42838,42882,44,107.53516787854541,20.711043046132303
left_turning,42883,42895,12,25.8020581932348,20.26046126839677
sniffing,42896,42966,70,10.646184279911871,19.4271152695358
rising,42967,42981,14,20.785705172381686,34.785405470246225
climbing,42982,43024,42,34.89267799036866,49.3219043802087
sniffing,43025,43120,95,30.26959936239727,27.790366843577004
stepping,43121,43168,47,7.981758133552596,25.766164723380314
walking,43169,43205,36,149.4319221717277,24.99843913041852
stepping,43206,43250,44,89.99212937795421,22.452686590651563
sniffing,43251,43256,5,31.993184883804076,28.50113071181139
rising,43257,43292,35,19.76500834518727,38.568054162918536
rearing,43293,43348,55,18.604714276847137,43.08452380908767
walking,43349,43354,5,60.54824619175397,29.051256777674457
sniffing,43355,43445,90,9.617269475870032,27.373166844757268
stepping,43446,43485,39,65.98201374991552,28.82021961808265
hunching,43486,43562,76,13.281697350631942,43.99858318173016
stepping,43563,43578,15,77.9559417605686,29.001910059034152
grooming,43579,43614,35,14.810590552057354,36.985567986322785
hunching,43615,43653,38,36.029956745694776,39.425330422397415
walking,43654,43683,29,183.06537399824714,27.031088629407844
trotting,43684,43704,20,192.7867413177964,23.381870864926533
sniffing,43705,43710,5,29.55406711952099,26.688453523166114
grooming,43711,43724,13,35.92483040957457,31.260680155261173
sniffing,43725,43785,60,10.352803566887836,23.629494328090676
grooming,43786,43811,25,27.25885054818282,34.664730243559795
sniffing,43812,43848,36,75.9337833693902,24.396659041179667
grooming,43849,43860,11,34.05970705024878,37.79435372873382
climbing,43861,43910,49,19.73092908829751,45.95329635032706
sniffing,43911,43963,52,47.341902798151835,28.56949275553255
hunching,43964,44022,58,14.205253476598912,39.4858509199221
right_turning,44023,44026,3,62.98411935860599,28.458121544622674
sniffing,44027,44116,89,13.892084162767128,25.813518568159484
trotting,44117,44146,29,201.9947890947359,25.04286660121174
sniffing,44147,44152,5,56.757539095516655,32.90738501331611
grooming,44153,44194,41,27.522526147489742,40.14116728757177
stepping,44195,44245,50,89.46975875160096,19.91054802810024
sniffing,44246,44404,158,24.693677660279494,27.286235787389582
trotting,44405,44448,43,203.573991912231,24.77090505863465
walking,44449,44469,20,98.9459372406606,23.499319728363982
sniffing,44470,44472,2,23.30834316638366,27.18312436116214
walking,44473,44542,69,117.67803491503375,25.450555563398417
sniffing,44543,44548,5,63.80164130496427,32.408351867672735
hunching,44549,44582,33,28.92323043071793,40.50025339593829
sniffing,44583,44588,5,53.31462095156977,27.897490723989545
walking,44589,44596,7,104.38684923243771,25.31294819350186
sniffing,44597,44636,39,25.860362059541835,26.86897307413915
walking,44637,44674,37,122.65895259093067,23.738990884553257
sniffing,44675,44850,175,8.986467602427119,21.8001087246886
walking,44851,44884,33,136.21890913023555,24.617429006804958
trotting,44885,44911,26,223.0883312858358,21.432357338216363
sniffing,44912,44917,5,66.16732588790317,27.570301075259483
rising,44918,44929,11,27.73111511208748,34.513779203842866
hunching,44930,44972,42,16.760584204943406,42.152746963372635
sniffing,44973,45013,40,34.20890852860777,19.430394531064685
grooming,45014,45069,55,28.311229407312332,27.812508317309664
sniffing,45070,45112,42,30.436158002816562,27.85659900329664
walking,45113,45172,59,115.222968028101,21.75176741999385
stepping,45173,45187,14,78.41367203464559,21.197219037770783
walking,45188,45241,53,130.87299551970776,21.44378997852552
sniffing,45242,45375,133,14.274486885952856,19.568248125334858
stepping,45376,45379,3,20.40913639202044,22.87241043776977
grooming,45380,45394,14,32.96255904873501,32.758850814340605
climbing,45395,45423,28,41.82736045671368,52.770863634188075
hunching,45424,45441,17,26.614916360736235,38.01493150724123
sniffing,45442,45542,100,13.470583167398892,27.599868502035605
stepping,45543,45571,28,38.16986426421111,27.6356934929438
walking,45572,45621,49,133.43517060730554,23.013845650798135
sniffing,45622,45750,128,17.49600229186604,29.009601954154526
pausing,45751,45901,150,10.161433126688591,28.211437043365187
sniffing,45902,45925,23,19.264726853419315,27.142663918034497
walking,45926,45941,15,131.76470133807283,29.34269193974741
rising,45942,45953,11,38.77282369676648,39.75131881935912
rearing,45954,45995,41,27.636308776865246,45.06286819056817
sniffing,45996,46034,38,38.620016779041904,27.562241508828855
walking,46035,46054,19,110.50554322977612,29.48287724505851
sniffing,46055,46113,58,15.77256986823476,30.35073500281133
walking,46114,46152,38,105.39778370401295,27.89554377988094
sniffing,46153,46175,22,19.808080879432644,34.21928835768724
stepping,46176,46196,20,49.95540298348907,25.502430078985235
sniffing,46197,46308,111,9.265564675162713,26.690401673494907
walking,46309,46322,13,77.44315219035953,20.29783082626784
sniffing,46323,46400,77,24.250926085563624,21.76792507527527
stepping,46401,46473,72,55.427582369732534,22.24970454960258
sniffing,46474,46514,40,36.73400852052764,25.92572372210126
walking,46515,46534,19,121.58296519949015,31.184606151235148
stepping,46535,46576,41,86.64220322447807,21.84700219364608
sniffing,46577,46615,38,26.87100524957961,23.27819603582639
climbing,46616,46663,47,31.4826065194486,51.22445042209435
sniffing,46664,46869,205,14.089137231074263,30.890742844495623
walking,46870,46933,63,159.3746785947892,25.311043207197223
sniffing,46934,46947,13,24.859962012455544,25.968304351231257
grooming,46948,46988,40,17.89761627968679,35.838353132137364
hunching,46989,47035,46,19.353933402299276,36.77578478589737
rising,47036,47089,53,5.037288344670532,33.705966460654714
hunching,47090,47124,34,33.12414932022839,42.49105200063196
walking,47125,47143,18,114.84463661175539,28.045851800195322
sniffing,47144,47150,6,38.429607108976555,38.55598711300849
rearing,47151,47189,38,20.592181420926057,47.06423644035921
sniffing,47190,47208,18,38.67891527978801,26.72168888048857
trotting,47209,47213,4,140.853259902077,25.590369268434536
walking,47214,47222,8,108.38472493242851,26.41151650434476
stepping,47223,47228,5,94.52414030410303,26.20250180982649
walking,47229,47268,39,136.07639538360314,22.192581109074293
stepping,47269,47310,41,43.20170422583587,22.803816822014987
sniffing,47311,47372,61,10.69884538673336,24.865686397144174
rearing,47373,47402,29,22.44877850141317,45.28148311109454
sniffing,47403,47423,20,62.623082896557705,33.544352259309335
hunching,47424,47450,26,31.84910243029404,46.80017536962555
walking,47451,47500,49,125.16364925703692,25.17581618789979
grooming,47501,47586,85,14.453173524348019,36.54861304754449
sniffing,47587,47690,103,4.589861988846041,31.56386012833614
rising,47691,47729,38,10.924349801406256,38.79785032397745
sniffing,47730,47786,56,14.445487175224104,32.93222707134609
walking,47787,47821,34,170.72290088490163,25.154147224339507
sniffing,47822,47827,5,82.49603930628558,31.557756829078016
rising,47828,47834,6,37.34308214607082,38.89827885530189
hunching,47835,47867,32,24.823955438270783,42.4208662488979
sniffing,47868,47912,44,24.089039552716297,23.4596660571674
rising,47913,47996,83,15.45889599882817,36.51396229891882
sniffing,47997,48081,84,12.409187237895614,20.33006717516947
right_turning,48082,48112,30,62.20928601131661,26.770694801616294
trotting,48113,48152,39,237.7591451699528,23.722865695508556
stepping,48153,48260,107,54.11245019090802,22.366057982813995
left_turning,48261,48284,23,21.42204354105265,20.889412396446158
sniffing,48285,48300,15,5.655882229725824,18.41737311110279
pausing,48301,48451,150,10.36328932241773,22.689630865155188
sniffing,48452,48553,101,20.348700869562,24.169230807446013
walking,48554,48577,23,107.53331416790316,21.10210754355298
sniffing,48578,48631,53,33.48325905360028,24.22035377716757
left_turning,48632,48690,58,28.731800269056894,19.788077279301024
sniffing,48691,48814,123,22.386814211303626,23.21035586468326
walking,48815,48818,3,114.4970610423791,20.385821210595665
trotting,48819,48845,26,206.15130394696007,23.17277181690094
walking,48846,48867,21,168.27464253043556,21.695970426115114
sniffing,48868,48974,106,27.94710959769893,24.23655469343877
stepping,48975,49034,59,5.063311337466801,17.09379645990812
sniffing,49035,49050,15,3.5736046319502264,16.881529565193528
pausing,49051,49501,450,7.213951044265723,23.35989232731996
sniffing,49502,49623,121,18.205904366913046,26.323400539612066
left_turning,49624,49636,12,66.25128131228556,21.97187199180562
sniffing,49637,49675,38,62.42741829076728,27.358705627703685
walking,49676,49687,11,128.92498420595103,27.56082353175381
left_turning,49688,49708,20,41.88553141233339,20.688626997753076
stepping,49709,49746,37,67.275721359708,18.842802368092553
sniffing,49747,49880,133,24.35386832907492,27.7263888073286
climbing,49881,49936,55,16.4812955423609,43.488557294882284
sniffing,49937,49957,20,21.670884773658262,30.480751014526
left_turning,49958,49969,11,36.97826297887876,20.187091618436437
rising,49970,50024,54,18.480669602544964,34.32257332531529
sniffing,50025,50248,223,18.02369820531582,28.684173805935483
stepping,50249,50296,47,18.65316905621264,27.12706298926138
walking,50297,50330,33,174.56662521397317,28.486310234560094
sniffing,50331,50335,4,100.54615727856836,34.75344878537884
hunching,50336,50366,30,35.52008144144712,41.69862282834273
walking,50367,50467,100,127.83494348971058,21.212687048145316
left_turning,50468,50558,90,63.73697895205525,23.454937053948214
walking,50559,50603,44,135.86808973021013,24.225255731799564
sniffing,50604,50639,35,20.570806577831014,23.72485684371835
stepping,50640,50687,47,63.8605214597759,24.644793406994665
sniffing,50688,50692,4,28.232532912699043,28.7261565469892
rising,50693,50706,13,25.6398209463232,40.604120466186984
climbing,50707,50759,52,15.788296514657127,47.355593061122605
sniffing,50760,50770,10,50.171842039299925,25.11114255261949
walking,50771,50777,6,98.18642729308758,22.50252385219533
sniffing,50778,50821,43,24.95339572659765,23.669857335518433
rising,50822,50834,12,31.909460393114323,39.541050538631595
climbing,50835,50886,51,18.554681009696278,44.6218086390887
walking,50887,50917,30,103.95574310788233,28.27781914034366
sniffing,50918,50940,22,31.359501285032206,34.94446028070684
walking,50941,50976,35,116.62757387435428,25.32033805821361
sniffing,50977,51008,31,49.27286609584627,28.39088910955951
stepping,51009,51051,42,76.82513779125907,21.3265833438718
sniffing,51052,51105,53,34.75591786202843,17.37458699770962
rising,51106,51162,56,7.990320901065306,31.059347617669356
hunching,51163,51197,34,14.564817368231852,36.37428612422737
sniffing,51198,51244,46,27.705065636672302,26.90964171615391
walking,51245,51276,31,66.61740712457566,24.454912688352806
stepping,51277,51299,22,24.00423411711149,24.608838085473277
trotting,51300,51352,52,193.63136475708222,23.743355803777106
sniffing,51353,51357,4,20.15318273277549,25.15242081515166
stepping,51358,51421,63,22.367186636737223,23.299327025986383
sniffing,51422,51569,147,17.177894034337893,21.347710823438984
stepping,51570,51601,31,80.47910049917047,25.892692175443504
walking,51602,51645,43,99.33836932955951,24.70868508557161
sniffing,51646,51733,87,34.33594796612729,21.616941752241758
stepping,51734,51781,47,57.00696360894539,20.809272712337627
sniffing,51782,51841,59,54.35817375959344,22.941718525694625
rearing,51842,51852,10,53.13256412438529,46.821207399907486
climbing,51853,51889,36,31.517889050297864,51.86124172340576
sniffing,51890,51900,10,13.09795079063263,33.932376019449535
pausing,51901,52051,150,7.438058254136716,25.380715131628143
sniffing,52052,52077,25,15.322210211888498,25.939158346897564
rearing,52078,52113,35,24.733201874581997,43.90880705133678
sniffing,52114,52237,123,25.448628790784852,24.566224608029486
left_turning,52238,52254,16,87.76192876158584,24.11904172844056
sniffing,52255,52277,22,12.776638594902218,27.635014829844614
rising,52278,52317,39,22.640207303160516,29.537272082548874
climbing,52318,52412,94,27.122704523958365,53.20796402719864
grooming,52413,52441,28,50.441299912846276,36.22175141431229
left_turning,52442,52484,42,172.38413149894404,29.056334935467465
sniffing,52485,52516,31,23.661353326149786,26.66692190672529
grooming,52517,52571,54,21.21812862910461,31.489087215964663
walking,52572,52680,108,123.84850696982724,23.46104266146978
sniffing,52681,52750,69,36.25083692053372,22.916443055312723
climbing,52751,52883,132,30.063232708742486,43.54242099826003
grooming,52884,52921,37,31.020938467132762,37.537929161120644
sniffing,52922,53022,100,10.649060115131821,26.998686739083816
hunching,53023,53071,48,21.800091149877254,37.59995261695313
left_turning,53072,53095,23,89.36387011912439,25.007082277713142
sniffing,53096,53154,58,7.966147920361803,27.96488657513811
left_turning,53155,53184,29,106.79020475690693,25.417918678889084
trotting,53185,53222,37,224.04856849585337,22.32123113725667
sniffing,53223,53248,25,31.83666727097759,30.886544724764192
climbing,53249,53286,37,40.26558219769539,53.66154946720361
grooming,53287,53298,11,41.3413469157234,31.153804743747582
sniffing,53299,53444,145,8.028063552209435,21.83039576735359
walking,53445,53514,69,98.33995498744635,19.872732905056562
sniffing,53515,53665,150,19.458793294025114,24.89478386554761
stepping,53666,53705,39,47.940026889876755,26.276693000570607
walking,53706,53747,41,96.8924498045222,22.502161399035664
left_turning,53748,53773,25,94.41098735810498,23.706726940190133
trotting,53774,53795,21,177.60400401429763,22.53849803439604
stepping,53796,53936,140,67.57747039522161,21.76524801603153
left_turning,53937,53964,27,30.317663455185492,20.799734669766234
sniffing,53965,54078,113,14.829380536839173,23.17037481201895
hunching,54079,54122,43,27.39186468152292,41.30756036438038
sniffing,54123,54235,112,15.648231011730466,27.630367564172804
stepping,54236,54334,98,87.02679536299038,24.911126150072946
walking,54335,54377,42,140.8696225030921,24.93872560965159
sniffing,54378,54451,73,13.433346485685298,20.61333835691934
rising,54452,54461,9,55.28116286514334,37.63466203598159
climbing,54462,54497,35,26.46666148478181,52.42590337699041
sniffing,54498,54553,55,8.579557901573148,30.4635517329581
right_turning,54554,54569,15,61.90193222280132,26.823252800277142
stepping,54570,54595,25,88.93923595118407,22.808428332144842
sniffing,54596,54605,9,51.17592025518978,30.753541098268244
grooming,54606,54645,39,32.2339106939251,32.29184610097529
right_turning,54646,54655,9,54.681646150241576,28.791229804603564
sniffing,54656,54801,145,11.743115630174612,28.03700222264881
grooming,54802,54851,49,24.230219487681595,21.345187782695554
sniffing,54852,54900,48,17.85350593403173,27.62392020360142
pausing,54901,55051,150,16.583408548724968,28.876253125414667
sniffing,55052,55056,4,21.81235600874907,30.547512156338986
grooming,55057,55216,159,16.52591228821553,29.723218669197955
rising,55217,55276,59,18.85706037547665,30.041266227233436
hunching,55277,55336,59,17.412200529808594,30.45418136868992
rising,55337,55376,39,12.4987080530448,32.944991185321555
grooming,55377,55716,339,19.13084314010626,32.15792412685772
rising,55717,55741,24,23.423270960155683,32.78599601409784
grooming,55742,56236,494,18.47342919926659,28.728170356045847
rising,56237,56296,59,14.648152861346158,30.565885113988696
grooming,56297,57043,746,22.18129008230681,27.872408342371727
climbing,57044,57096,52,14.303792870258546,40.51172778170203
hunching,57097,57206,109,13.99541410723005,35.668135679275906
grooming,57207,57386,179,20.60720901811367,30.38757392374464
sniffing,57387,57431,44,16.23761906791335,27.42441022501247
grooming,57432,58001,569,15.5564758835152,31.790535912006472
hunching,58002,58051,49,19.868887070693393,31.777658791555112
grooming,58052,58230,178,18.628700834652378,31.348740502150306
hunching,58231,58296,65,20.875555558336423,31.056909120601336
grooming,58297,58356,59,20.120698074943743,27.871336276404843
hunching,58357,58416,59,18.44865999999431,30.1437075905142
grooming,58417,58476,59,11.893972999500436,29.375523291608655
rising,58477,58531,54,13.900689716557633,33.79759002812712
grooming,58532,58831,299,20.46604180243659,29.611234657159354
hunching,58832,58891,59,12.277803040145471,30.799009952517444
grooming,58892,59141,249,18.11788693988126,28.645773709124033
sniffing,59142,59250,108,10.93393777466505,27.890457949873685
pausing,59251,59551,300,9.126918908803745,24.31355587292665
sniffing,59552,59636,84,10.677713213236144,26.86755942207716
rising,59637,59676,39,8.54379980563741,33.53875271041993
sniffing,59677,59821,144,14.643585984486583,27.767521666780667
grooming,59822,60296,474,18.24207739261534,29.269580440449452
sniffing,60297,60311,14,15.645912010158556,27.46994875377754
rising,60312,60357,45,14.49883474251915,34.48363335591323
rearing,60358,60381,23,16.721293248797373,41.113735049919704
grooming,60382,60488,106,17.23877575083931,28.59904700978389
sniffing,60489,60548,59,17.577940574834194,27.933546104541318
grooming,60549,60628,79,10.303029300993506,33.81158762340327
sniffing,60629,60648,19,23.734104664820943,23.660506842454673
grooming,60649,60681,32,26.4341216508408,31.547373607535437
hunching,60682,60758,76,12.767103928370618,38.38465451647734
grooming,60759,60824,65,11.069126202716982,31.77320211954459
hunching,60825,60931,106,11.111166102093456,35.781063464304566
grooming,60932,60983,51,8.442660250232311,31.338894933930643
rising,60984,61037,53,10.130345124303663,34.44990811043312
grooming,61038,61139,101,14.087178322646341,30.522292403949066
sniffing,61140,61200,60,12.054474354832793,27.82215119200191
pausing,61201,61351,150,12.839861687897496,26.04068814570388
sniffing,61352,61409,57,14.826292337433944,25.109950287415053
grooming,61410,61489,79,20.593944652122353,27.75124780602773
right_turning,61490,61502,12,66.76434710690765,22.4501082203253
sniffing,61503,61547,44,20.661932019592772,18.964997903669282
rising,61548,61577,29,21.059370132241433,36.53865399753084
rearing,61578,61625,47,15.356495382442931,39.86846409444572
sniffing,61626,61715,89,18.762426614629696,31.195420562985515
stepping,61716,61752,36,46.3607725058279,25.120601552103448
right_turning,61753,61781,28,46.59397637736091,28.039386953724605
walking,61782,61872,90,121.84429214758525,23.755358568728244
rising,61873,61889,16,30.34920431170342,38.128602003414244
hunching,61890,61933,43,16.28709107269361,43.5185705128571
sniffing,61934,62001,67,26.40571112805852,27.97719720963979
right_turning,62002,62008,6,169.06131572191916,23.917942646647255
walking,62009,62060,51,136.85299990881197,24.485227356185607
left_turning,62061,62066,5,81.16139687790549,24.87102996605579
sniffing,62067,62096,29,18.36135796333201,23.173863171995183
walking,62097,62169,72,115.34500249761734,24.054648205679594
sniffing,62170,62209,39,38.16227389935655,19.794928669280655
stepping,62210,62227,17,58.916868856515784,24.618646066540947
sniffing,62228,62241,13,33.31623965313015,36.21213712051282
hunching,62242,62257,15,37.59525634935645,40.9393441635764
sniffing,62258,62303,45,32.14604608758559,21.763411508180987
stepping,62304,62334,30,37.72748871214107,26.757250671075205
sniffing,62335,62522,187,14.323412633712993,26.76132433427555
walking,62523,62548,25,173.46360234845525,25.485622931561675
stepping,62549,62587,38,90.84786337214553,22.504385743604892
grooming,62588,62609,21,47.629056024802594,28.491531364197908
walking,62610,62611,1,70.2600757953956,19.03691411140845
stepping,62612,62621,9,62.011159789300585,19.543298591019358
sniffing,62622,62665,43,16.266680885232088,27.13698535496269
walking,62666,62681,15,96.80721275025252,23.233118958157103
sniffing,62682,62738,56,28.45592183387008,29.273459158810514
stepping,62739,62782,43,40.70005229085743,28.129576427228677
sniffing,62783,62850,67,16.89102072558227,25.836551162015127
pausing,62851,63151,300,13.329445696171586,24.183317736668474
sniffing,63152,63268,116,29.908249445173173,22.99560307557079
hunching,63269,63283,14,19.74648427931082,39.702487851087035
climbing,63284,63317,33,50.46571715526312,51.68086467382803
sniffing,63318,63366,48,22.5827536301559,24.388008109307943
right_turning,63367,63384,17,49.99381990489529,27.54452333257372
sniffing,63385,63444,59,43.462790886207685,26.685884152213237
trotting,63445,63477,32,185.17163040334825,23.679222718765097
walking,63478,63520,42,130.2090724594126,20.811006334879874
sniffing,63521,63667,146,18.596046373814282,23.875899540656125
rearing,63668,63710,42,40.232402567194036,45.23590620042374
sniffing,63711,63769,58,21.487776219113268,19.796462559276684
trotting,63770,63770,0,34.01206797351978,22.8485466117239
sniffing,63771,63783,12,38.09888648211789,30.649817232929244
rearing,63784,63817,33,31.058237410983526,45.905383667736885
sniffing,63818,63933,115,25.484604802272663,28.25332494594418
walking,63934,63937,3,87.60202298191186,26.85364396343294
stepping,63938,63952,14,76.71953616227817,26.06264563660797
walking,63953,63996,43,179.50402859094402,24.549025704276314
stepping,63997,64030,33,78.69772041126821,22.59805127618391
sniffing,64031,64084,53,26.45710140698737,22.53277674977502
rising,64085,64095,10,47.03874555061571,35.425001303392335
rearing,64096,64131,35,37.45750513321369,53.188158953478066
sniffing,64132,64185,53,21.03648455467065,27.61682294200645
left_turning,64186,64203,17,115.9447328127773,29.07401763360025
trotting,64204,64251,47,210.93005148492043,25.36030683205666
sniffing,64252,64341,89,32.45920726929057,23.909719063870526
rearing,64342,64372,30,35.18694936699146,47.094375890760325
right_turning,64373,64390,17,55.09312905716652,22.411080841030696
stepping,64391,64406,15,94.30953656145975,21.006828969395553
sniffing,64407,64509,102,22.04741826356237,20.770246758265788
rearing,64510,64553,43,26.843713620669998,43.21455923058874
sniffing,64554,64660,106,29.392530303663932,28.753208107006678
stepping,64661,64682,21,57.45927749579107,29.043019606762
sniffing,64683,64714,31,8.446780196403301,32.54471106921822
walking,64715,64764,49,145.70998567711672,27.019245465826174
stepping,64765,64781,16,48.132185770487474,25.20351420839662
sniffing,64782,64794,12,20.614759012398398,27.031394014982403
walking,64795,64804,9,58.434348911916786,24.297526572240827
sniffing,64805,64813,8,44.586344752554766,36.14074311183013
hunching,64814,64853,39,11.74092203872714,43.78796907669225
sniffing,64854,64902,48,32.20134076039731,23.231569775736855
hunching,64903,64950,47,24.44362738814823,45.787071765200814
sniffing,64951,65044,93,25.209768170333454,26.518879583020137
left_turning,65045,65081,36,84.1595347329073,30.328185604072857
hunching,65082,65200,118,12.99424310502946,40.446143831297434
stepping,65201,65249,48,76.61200267714398,29.00319840444607
sniffing,65250,65332,82,5.566833530154971,27.56052385516433
grooming,65333,65406,73,17.181403385351164,26.18168629568957
rearing,65407,65460,53,22.179806955801855,43.52614853878217
walking,65461,65500,39,160.47492425124787,25.546265824801043
sniffing,65501,65522,21,31.372111870843458,22.9092561515345
rising,65523,65537,14,30.116889825040932,30.764276668323603
hunching,65538,65551,13,30.980471850048783,40.819778539238335
sniffing,65552,65596,44,31.502784586706355,27.688197065110963
hunching,65597,65626,29,30.54232593033485,43.04171743882214
sniffing,65627,65772,145,22.53411554785035,22.730842970376766
climbing,65773,65823,50,27.40340715587594,57.56611018434514
hunching,65824,65837,13,36.165791207979545,36.90912592912713
sniffing,65838,65890,52,23.01025482918801,26.297712725114604
trotting,65891,65915,24,182.49385265044583,28.2788249340847
sniffing,65916,65999,83,33.61603183564264,22.571676595626837
walking,66000,66048,48,127.49117803921963,24.64696245522228
stepping,66049,66095,46,63.17160878760967,20.917960418737543
sniffing,66096,66184,88,22.569747485057928,19.150453705043724
rearing,66185,66221,36,21.671299025412544,42.90056815882084
stepping,66222,66250,28,66.09028198330796,26.603878576892185
sniffing,66251,66287,36,22.65886859272812,28.41320883351441
stepping,66288,66333,45,45.96345926731449,28.746982164056615
walking,66334,66382,48,121.79197871157525,24.737265977087358
sniffing,66383,66432,49,72.54024129050534,23.638697919003285
left_turning,66433,66443,10,74.43680542851834,27.498975500524978
sniffing,66444,66482,38,24.984080214519526,31.144062090951664
stepping,66483,66525,42,82.62625914991155,19.207587729825242
sniffing,66526,66549,23,32.32783324111225,33.79955338615479
climbing,66550,66588,38,25.086875469797445,54.87523682794255
rising,66589,66593,4,32.882930401589086,31.574018104741715
right_turning,66594,66613,19,63.546031100871254,28.05474099033094
walking,66614,66664,50,129.82784052905882,24.391518444914258
sniffing,66665,66685,20,9.933835470862714,24.341601774482893
left_turning,66686,66726,40,76.88232381123257,22.736914018793794
sniffing,66727,66773,46,28.80189442802866,21.461318567469686
walking,66774,66780,6,68.53231960997266,28.237445324393896
hunching,66781,66789,8,42.024815946850715,37.89036411412435
climbing,66790,66829,39,18.162624599219043,50.7331679954416
grooming,66830,66845,15,20.46944345857781,33.61637797713406
sniffing,66846,66965,119,11.045768797670522,24.996296979602697
stepping,66966,67007,41,32.54100805241852,24.170757455421636
sniffing,67008,67056,48,15.180643910315187,22.835067125995202
walking,67057,67072,15,148.15018236699132,25.09602121239682
stepping,67073,67168,95,78.35706963147807,22.583454051194966
sniffing,67169,67227,58,18.04503208333311,19.841456149743195
stepping,67228,67255,27,59.95938353034718,18.96790704802958
sniffing,67256,67370,114,29.269092957943037,23.97924509940361
grooming,67371,67484,113,14.219348682662003,32.74569182933755
sniffing,67485,67500,15,34.11386110760931,28.968601180230653
pausing,67501,67651,150,16.538460439120318,25.613501267239684
sniffing,67652,67676,24,36.760209591401996,25.097685448821792
stepping,67677,67721,44,42.141454142618315,20.05238837449544
sniffing,67722,67748,26,41.28803559912344,34.7553820931232
hunching,67749,67778,29,22.520665722067026,40.258448344500195
sniffing,67779,67876,97,40.203986494936785,25.806831078390758
walking,67877,67886,9,129.57705496646392,22.7633984757988
trotting,67887,67932,45,189.55633824092405,21.789551972339012
sniffing,67933,67947,14,10.144496958178392,23.53317865497598
stepping,67948,67968,20,32.46391241766498,22.72510580840903
sniffing,67969,68022,53,18.307527265878363,25.677463804787788
walking,68023,68099,76,118.63331787079548,25.52854201234084
sniffing,68100,68209,109,20.183835043387177,26.456570149336148
grooming,68210,68254,44,10.186786943406636,28.95883498033359
sniffing,68255,68340,85,33.93432597221531,26.710200333711814
walking,68341,68371,30,164.82117288283527,22.585961138244635
sniffing,68372,68463,91,10.856383584766323,22.87546982681219
walking,68464,68498,34,108.0387148771587,24.80051546501176
sniffing,68499,68508,9,60.6039565982364,30.761168196383448
right_turning,68509,68516,7,106.21556007690054,28.52441782562611
walking,68517,68549,32,173.76288773757543,25.785323739805175
sniffing,68550,68554,4,64.46085761969466,35.05357034877596
hunching,68555,68578,23,31.028739476968667,42.40513287550244
walking,68579,68584,5,62.49669257059213,26.796503241854623
stepping,68585,68625,40,65.70201273606433,23.97563339794897
walking,68626,68645,19,122.02802835770945,21.65886144381552
sniffing,68646,68718,72,27.668456931934884,20.920105936244383
walking,68719,68760,41,115.22903068013655,23.698544106055014
sniffing,68761,68799,38,30.984746374862915,24.560719104363613
walking,68800,68837,37,131.66548258553414,21.35129841499461
sniffing,68838,68929,91,18.126213706366574,19.59444351374282
climbing,68930,68971,41,33.1895054346288,51.606429476349724
sniffing,68972,69118,146,17.637090618410653,23.59983889173394
stepping,69119,69136,17,66.29615340657796,26.79825384711567
walking,69137,69168,31,125.29371764116235,25.136054208445213
stepping,69169,69275,106,72.34632439898458,21.164533293047974
sniffing,69276,69332,56,16.30724035666689,19.667310465246082
rising,69333,69347,14,30.26697683696927,34.937673182015345
climbing,69348,69441,93,15.998695170127155,52.5469185727356
rising,69442,69488,46,12.660944167142446,35.09820503443989
grooming,69489,69517,28,7.52318130624631,34.135042321160924
sniffing,69518,69654,136,14.897872523954753,27.534915623791548
right_turning,69655,69673,18,57.871244932080764,30.219465867178815
walking,69674,69736,62,102.0101786520284,25.011937897585284
sniffing,69737,69818,81,23.67407601463585,28.96942370891611
stepping,69819,69886,67,68.51427758176135,25.6982946154599
hunching,69887,69930,43,32.402705349700426,40.40019898369702
left_turning,69931,69954,23,157.25631903507767,22.664431807019124
walking,69955,69994,39,133.7246483372896,20.47544746777086
sniffing,69995,70029,34,5.47365069128644,22.479122753773023
stepping,70030,70081,51,79.00490538758191,24.333169559304817
sniffing,70082,70224,142,12.908926166417245,26.87177683407914
stepping,70225,70267,42,84.57388551191755,27.04268051241561
hunching,70268,70276,8,47.21759577727888,38.35261628233123
climbing,70277,70350,73,26.354765298660773,49.40972823095503
right_turning,70351,70372,21,57.63564112460731,30.422298018544687
sniffing,70373,70380,7,63.913648240936055,27.181579184290975
grooming,70381,70465,84,21.39945897240544,26.349713197196667
sniffing,70466,70549,83,28.352967023301485,24.11325287076024
walking,70550,70596,46,123.94692567366603,20.697787631762736
sniffing,70597,70629,32,21.665673115540404,18.00345582142258
rising,70630,70649,19,19.789900976716464,33.09076272538502
sniffing,70650,70650,0,11.593843808573732,32.85551405539067
pausing,70651,70801,150,6.278154131255675,25.980841994574376
sniffing,70802,70888,86,13.400817187971109,19.15962451185116
rising,70889,70900,11,28.360920636905316,31.89965344505511
climbing,70901,70949,48,22.608349842016928,56.740192094550885
hunching,70950,70981,31,17.329807411412247,30.836441089102024
climbing,70982,71028,46,26.525906640431327,51.82687295862184
sniffing,71029,71077,48,17.453642056437456,17.577252155065764
hunching,71078,71107,29,15.213560772751725,37.12466748682713
climbing,71108,71138,30,40.27967365998096,50.09557439600865
sniffing,71139,71182,43,40.349981588396744,28.660384864738965
stepping,71183,71231,48,58.15391978112173,27.969640805050187
walking,71232,71313,81,146.74466044602244,25.119361825286344
hunching,71314,71409,95,19.261971739457124,40.701733580529456
sniffing,71410,71622,212,22.70556567459808,26.350711757366632
rising,71623,71655,32,30.23885830393386,37.61877149092928
walking,71656,71673,17,122.98190397970777,27.140562064301474
rising,71674,71681,7,33.45061219212717,34.39331622176634
climbing,71682,71776,94,16.220943532858158,47.312638470987274
rising,71777,71795,18,32.19272100897624,29.308689614394982
climbing,71796,71855,59,5.449950877067098,41.171174095087444
hunching,71856,71905,49,10.496697297179288,35.59461270915128
grooming,71906,71959,53,8.90591441336884,31.635394244374076
sniffing,71960,72060,100,5.376568093175167,26.987930644506676
hunching,72061,72108,47,32.48226674741031,43.527890705165966
sniffing,72109,72203,94,10.822071948947332,24.653013732761185
hunching,72204,72242,38,13.293710582669823,38.24274441011517
sniffing,72243,72312,69,17.657768067815475,19.955211231248114
rising,72313,72340,27,16.76657434824605,30.008156087115754
climbing,72341,72427,86,21.807804455149203,42.358524575505896
grooming,72428,72443,15,16.124950052723452,34.53054181228846
sniffing,72444,72599,155,5.518489985767199,24.78619233706532
grooming,72600,72649,49,6.067592369312504,30.19408824718963
sniffing,72650,72738,88,5.22448725373582,24.862999496479926
grooming,72739,72758,19,22.797037203733538,30.7160845149508
left_turning,72759,72767,8,62.9089822709814,26.836059048221628
stepping,72768,72774,6,77.81872796010282,26.53357398108981
sniffing,72775,72820,45,30.895691123483893,23.25461398308216
left_turning,72821,72849,28,53.768214529620586,26.831135166032702
sniffing,72850,72881,31,42.52257904164795,32.43227648401248
walking,72882,72955,73,153.75426012656854,25.528422787393367
sniffing,72956,72965,9,32.12303687746414,38.11696680964576
hunching,72966,73000,34,17.146313933634474,46.72254210127076
grooming,73001,73055,54,8.129950470806751,35.37505686166226
sniffing,73056,73166,110,37.18831477923735,24.836726075587396
trotting,73167,73214,47,211.77336695281545,24.896584534862587
stepping,73215,73258,43,86.25177906384232,23.704730677606076
sniffing,73259,73268,9,30.173910853994393,22.464110528811396
left_turning,73269,73306,37,97.71033487184127,23.303416443465956
sniffing,73307,73474,167,22.41753352577702,26.732609032837964
walking,73475,73530,55,149.24462451115411,24.94593065870304
stepping,73531,73583,52,64.02304387275736,24.67346489056941
sniffing,73584,73632,48,32.80553373963782,23.99183517235653
stepping,73633,73679,46,42.4801831918093,26.368748850372956
sniffing,73680,73739,59,21.214250379457226,31.170656816040452
grooming,73740,73781,41,5.362865680310721,31.555841975427104
sniffing,73782,73858,76,21.5161296399622,35.64730395860287
hunching,73859,73915,56,15.31354300683085,42.0176868419053
sniffing,73916,73950,34,19.57091007045466,26.548491526601
pausing,73951,74101,150,4.884648066161889,25.877168087662767
sniffing,74102,74131,29,7.8291305454372395,25.73247889063425
right_turning,74132,74170,38,52.222479468445904,27.656819507352793
stepping,74171,74232,61,53.92009370177653,23.00161062695828
sniffing,74233,74250,17,14.705464416134355,22.015067012258573
pausing,74251,74401,150,8.363334519006989,24.29314992376813
sniffing,74402,74520,118,18.159392917602577,22.9600095414194
rising,74521,74575,54,11.405398826287522,35.21996414304794
hunching,74576,74615,39,7.129528186100297,36.20079178792651
sniffing,74616,74736,120,13.962286798932084,28.74372525794782
grooming,74737,74784,47,17.685777329938503,37.56595555200081
sniffing,74785,74850,65,10.072183611345093,28.20878428264456
pausing,74851,75000,149,14.082384426575555,24.385043031711884
sniffing,75001,75150,149,22.834644636992483,27.9021040525515
pausing,75151,75301,150,15.995362676740859,26.285786243845298
sniffing,75302,75429,127,5.8530450874109095,27.137268696903437
rising,75430,75476,46,15.500705971923963,35.781244639389776
climbing,75477,75528,51,18.638674717089035,54.20035540280538
sniffing,75529,75600,71,12.526791526772842,29.646189341368952
pausing,75601,75751,150,13.560791913986513,24.441016403176246
sniffing,75752,75760,8,17.744010995248573,23.77462595861529
grooming,75761,75811,50,6.819601664797401,26.19473360486583
rising,75812,75825,13,31.232123481139514,33.28338955364769
climbing,75826,75960,134,25.12590744996935,48.57010687594918
grooming,75961,75969,8,41.52913500933774,30.707679927746987
sniffing,75970,76039,69,21.033405793371884,26.462038964032264
rising,76040,76051,11,41.3848240500653,36.04731061244119
climbing,76052,76119,67,22.481158540037235,53.533791735112025
sniffing,76120,76191,71,17.511575636572932,21.090800856456607
grooming,76192,76203,11,17.223798523270034,26.3884386774421
hunching,76204,76239,35,21.143077291263957,35.27565729723531
left_turning,76240,76265,25,97.78576489159545,26.730363829599312
stepping,76266,76311,45,64.31832659934257,23.528724794341795
walking,76312,76339,27,138.7875868482374,24.21391390593963
stepping,76340,76383,43,101.82882654796781,25.41831657476995
grooming,76384,76400,16,16.211469020931577,26.738863281583452
sniffing,76401,76412,11,42.26807172419698,30.192487138269183
rearing,76413,76461,48,25.603889931852624,44.85031638536787
sniffing,76462,76510,48,16.614859473435533,20.719642669602457
hunching,76511,76559,48,15.174784296639144,37.10682954583474
sniffing,76560,76679,119,26.155003235346655,28.797799563203956
grooming,76680,76839,159,19.230095340605608,33.68626982720648
sniffing,76840,76889,49,10.803483497497181,30.607576481357857
stepping,76890,76928,38,81.00699971406236,26.199874060289392
walking,76929,77004,75,116.98293951904736,24.5178172152121
rising,77005,77057,52,10.562887390813126,39.59816062364747
hunching,77058,77097,39,13.650709191154771,42.11951381457775
sniffing,77098,77170,72,58.227671261341406,29.52780454314725
climbing,77171,77228,57,23.263835043685543,50.40357353863038
grooming,77229,77235,6,26.982065050223554,31.75224233457274
sniffing,77236,77273,37,35.65382390378554,22.63116706001627
stepping,77274,77312,38,57.6278040554313,22.919179076505905
walking,77313,77361,48,118.79588428088583,27.10935422981449
rearing,77362,77410,48,10.722172104121597,47.170273109780005
climbing,77411,77455,44,17.708886969852195,44.48553569973864
sniffing,77456,77541,85,61.82285240216823,32.5782265074632
rearing,77542,77579,37,37.39481451025983,46.880568570992644
grooming,77580,77581,1,46.73166752745993,32.60983687994727
sniffing,77582,77614,32,46.97827505752766,25.699596709760783
left_turning,77615,77647,32,74.67745107006517,29.028376605298305
walking,77648,77670,22,138.7709266764023,27.673547461386057
sniffing,77671,77678,7,50.758256157621034,37.973046354398626
rising,77679,77737,58,11.872162221300409,41.16348482691986
walking,77738,77760,22,179.26903797086297,24.769808646266483
sniffing,77761,77782,21,31.57003790314585,30.786546977220063
hunching,77783,77828,45,18.58531327473249,41.01539637880771
stepping,77829,77885,56,78.7660308046569,23.639391005016726
sniffing,77886,77970,84,27.966620675666128,29.933801537001326
walking,77971,77992,21,142.56544858067767,25.16062277451654
sniffing,77993,78008,15,28.155302842867027,37.01594622032447
hunching,78009,78084,75,11.491246643774485,40.73446081939323
walking,78085,78123,38,94.67669940559978,29.74812797132455
rearing,78124,78130,6,14.165442696440083,39.73989884393402
climbing,78131,78187,56,17.3366249220609,41.43627132436413
sniffing,78188,78225,37,38.87364729749276,30.11601082189976
hunching,78226,78256,30,14.420249940213159,36.33607302782613
walking,78257,78286,29,95.87544553964004,30.89961966930078
rearing,78287,78311,24,40.131670723957384,41.676431293570175
sniffing,78312,78480,168,35.72982088108936,29.690959774869032
climbing,78481,78598,117,14.178259270150493,45.73506605896821
rearing,78599,78645,46,15.092810215003642,43.442221246025014
sniffing,78646,78683,37,55.050080089574735,33.18790065076869
stepping,78684,78723,39,96.39640530902714,29.68146696498737
walking,78724,78776,52,125.03359954515449,25.88022137372894
sniffing,78777,78975,198,49.52684898557758,31.926729465411704
rising,78976,79027,51,17.899066933355893,38.94902803139009
walking,79028,79050,22,60.92578546390322,31.480327988295393
hunching,79051,79065,14,21.78537306691743,42.63713119942174
sniffing,79066,79096,30,61.52441012831661,32.60531164063857
rearing,79097,79138,41,10.751323113017701,41.708766125496055
climbing,79139,79248,109,10.231513513127341,42.85989446930504
rearing,79249,79297,48,14.764554306859972,40.89661140730592
sniffing,79298,79321,23,42.38051136953657,33.56723549045086
climbing,79322,79477,155,11.770393233980172,42.59971803080509
rearing,79478,79507,29,12.580203273929216,36.803634218357296
climbing,79508,79548,40,16.749335985286763,40.06845091626972
hunching,79549,79570,21,10.878966568990721,33.067452125978015
rearing,79571,79610,39,12.70360984473296,39.29473895709534
hunching,79611,79644,33,15.116799660095714,35.093754312164045
rearing,79645,79670,25,11.21231841076107,40.738556940173616
hunching,79671,79724,53,15.398387976472307,38.737497587762306
sniffing,79725,79755,30,38.17261152920058,33.223269290470846
hunching,79756,79810,54,17.088379052073805,42.014225232406936
stepping,79811,79853,42,87.13086833688818,31.5293936466457
sniffing,79854,79862,8,51.862679085306475,37.53037119504495
hunching,79863,79880,17,25.76246212891287,40.67066206020799
walking,79881,79915,34,61.092351435333356,31.05383953237522
rearing,79916,79929,13,20.2350095938998,45.22009428256514
hunching,79930,79968,38,9.649825226217322,40.811903161280384
grooming,79969,79980,11,11.943439366077568,32.90433949784738
sniffing,79981,80034,53,60.52569786690219,27.41117239345539
stepping,80035,80098,63,80.22463323979824,25.72069906372152
sniffing,80099,80111,12,54.67253889012633,32.61876831716204
climbing,80112,80169,57,28.446162965502364,45.58675433621581
walking,80170,80220,50,159.85612172019987,25.667893129387767
sniffing,80221,80228,7,67.20831565055178,29.316905916246757
grooming,80229,80306,77,16.125492658585596,31.984682151668682
climbing,80307,80343,36,22.473080087761648,45.47129809037922
walking,80344,80368,24,79.29015447919376,29.707417404019814
climbing,80369,80480,111,12.794411722001943,44.95385225822114
rearing,80481,80499,18,28.922922736762597,41.60789685442846
walking,80500,80524,24,74.74794485812654,27.728455777865047
climbing,80525,80581,56,17.586748883496938,44.854177464009425
rearing,80582,80585,3,37.29977424553713,36.38597339127581
grooming,80586,80606,20,34.20100410683819,31.572791145081304
sniffing,80607,80666,59,58.88895920693981,30.55641127310453
stepping,80667,80703,36,67.52592610880684,28.048596257809052
walking,80704,80726,22,163.27272780010185,32.69133643647605
sniffing,80727,80757,30,33.378104311286116,40.4299048052585
walking,80758,80795,37,147.43202388860644,23.344222330194555
sniffing,80796,80804,8,35.42053303840722,39.11050669471037
rearing,80805,80826,21,33.20707144951783,45.19578846233051
walking,80827,80843,16,113.6621391519724,28.26511558090057
stepping,80844,80868,24,61.51239284667638,26.659499559720057
sniffing,80869,80994,125,28.953804891217896,26.986652683694466
left_turning,80995,81032,37,85.30861492243598,26.747992366340142
walking,81033,81058,25,146.5815973830056,26.648992496782512
sniffing,81059,81130,71,19.962790162556896,22.53188913941315
hunching,81131,81175,44,16.481771482196717,40.384848425032196
sniffing,81176,81220,44,26.308287047500222,24.103989717595454
grooming,81221,81278,57,13.305158715657159,37.355022018425856
sniffing,81279,81348,69,12.102007430066168,25.18569946166916
hunching,81349,81389,40,26.069465256266884,43.50096587641788
walking,81390,81437,47,91.6034993069094,32.64250226333068
hunching,81438,81496,58,17.14259240836001,39.57603362798643
sniffing,81497,81517,20,62.7747785897126,30.37108481470685
grooming,81518,81539,21,21.662966868497588,39.520364070992805
walking,81540,81553,13,74.88349711149424,28.1474429004185
hunching,81554,81585,31,8.759532022237362,40.28486158035935
climbing,81586,81682,96,11.50669278228412,42.93159927508108
grooming,81683,81723,40,18.382420264871023,34.22772781814983
sniffing,81724,81746,22,31.64109374478651,28.075514508848702
rearing,81747,81786,39,32.414671155222855,49.99826919442508
right_turning,81787,81810,23,51.472546892445926,26.05142009864906
walking,81811,81843,32,123.44635986566064,29.067745057624197
left_turning,81844,81899,55,21.538850767749995,23.461045480037438
sniffing,81900,81945,45,11.466899846785656,23.28284772440617
grooming,81946,81955,9,21.523524675774375,36.21423535586918
hunching,81956,81995,39,12.871155731021258,40.37889088665263
climbing,81996,82016,20,44.77933504845788,47.52546350858754
sniffing,82017,82126,109,10.36659396364467,29.504609084729886
stepping,82127,82211,84,84.16785094694502,23.465973520972064
grooming,82212,82219,7,33.63257331250068,33.98511073392068
climbing,82220,82307,87,17.96757305096369,43.38561889986184
right_turning,82308,82317,9,116.29249864533176,27.808762913675896
walking,82318,82369,51,139.1888029739209,24.53867864457808
sniffing,82370,82446,76,8.70192465892367,20.855066036933547
stepping,82447,82524,77,76.34985943891935,24.38875570666738
grooming,82525,82547,22,24.57019539158952,30.75400838458557
climbing,82548,82615,67,26.919162391746493,48.687897902864755
walking,82616,82729,113,97.95072782574918,23.32213819632423
sniffing,82730,82738,8,34.43590103971767,35.397338306955106
rearing,82739,82756,17,35.724224320721255,42.91028233563872
sniffing,82757,82802,45,25.690100859066522,25.38552669046079
walking,82803,82814,11,79.01464745497842,24.828335391023867
sniffing,82815,83002,187,13.54650490481631,29.652651972372777
rising,83003,83059,56,10.484749439752115,39.70199463063265
hunching,83060,83117,57,7.559136865056899,39.77492441727132
grooming,83118,83203,85,8.253098769964963,39.33981008690037
hunching,83204,83210,6,14.104015898911431,40.170951594724315
grooming,83211,83224,13,12.282335170589842,39.81362813063041
climbing,83225,83240,15,6.967428769458006,37.612567931377455
rearing,83241,83292,51,11.867893449726497,38.33667693971647
sniffing,83293,83350,57,17.232092040189993,37.19384243027268
stepping,83351,83392,41,89.93737457129991,30.55791067959747
grooming,83393,83483,90,25.146668978977807,30.286487217997323
climbing,83484,83591,107,10.114839339145767,42.61555311887074
hunching,83592,83628,36,11.941382195971215,38.32837407803695
right_turning,83629,83639,10,87.18757799088056,27.12582910371741
walking,83640,83649,9,84.81782850932497,33.6937790934749
rising,83650,83682,32,14.592357998957798,39.803920216717515
grooming,83683,83722,39,20.945791325970816,38.69185635602099
stepping,83723,83772,49,82.85328294325058,28.112167993800618
hunching,83773,83815,42,10.288982671944854,42.91205960517665
grooming,83816,83904,88,10.381014586993917,36.24906948262938
sniffing,83905,84101,196,12.737596733058352,32.522110393932515
stepping,84102,84139,37,77.16199280392706,29.163045589144122
grooming,84140,84190,50,13.247176873461267,35.670126553509355
sniffing,84191,84239,48,51.01931083063025,30.790590863849975
rearing,84240,84289,49,13.661585918276241,45.65611750567461
grooming,84290,84334,44,6.70950161012493,34.5964398575766
sniffing,84335,84452,117,11.985390291836506,32.70051477305876
walking,84453,84484,31,113.21867853505756,28.407728488163748
sniffing,84485,84550,65,33.633264064411875,25.8729491236682
rearing,84551,84585,34,7.623154630835714,45.615513530745005
climbing,84586,84633,47,16.721551906535876,43.109689920960534
hunching,84634,84682,48,11.57679478999665,41.154130572721755
sniffing,84683,84702,19,56.97318652329657,29.46094645102118
left_turning,84703,84732,29,85.02334144317528,27.77943628388949
walking,84733,84777,44,166.55411461762841,27.013373776487455
stepping,84778,84825,47,89.27022596639245,25.916585945166844
grooming,84826,84849,23,29.506605517923656,37.423531230628335
sniffing,84850,84893,43,35.04262947888288,21.706274083813717
walking,84894,84931,37,121.62949175247093,26.3756025827804
sniffing,84932,85197,265,30.2436056999817,25.70687851570913
stepping,85198,85217,19,65.58322412736591,24.94128834581125
sniffing,85218,85267,49,24.295880118739856,25.344211522833408
rising,85268,85327,59,17.269766204731923,32.6005472428552
sniffing,85328,85364,36,12.561417637561867,22.282254939646887
walking,85365,85454,89,121.67574110384598,22.56901423152219
sniffing,85455,85538,83,13.265899252445625,14.42871261480448
rising,85539,85554,15,36.22358457296522,29.54012159288563
climbing,85555,85596,41,29.034158747395594,47.697119137450656
rearing,85597,85642,45,28.79569604248525,40.68825758900395
sniffing,85643,85752,109,13.872484220016927,22.88665678509435
walking,85753,85773,20,128.6345504679165,25.891630704462518
stepping,85774,85832,58,102.83792106372334,27.595846698031593
walking,85833,85870,37,112.03622282540027,23.84914873821363
hunching,85871,85883,12,27.10180505332605,36.677830975546996
climbing,85884,85923,39,42.81675647271352,46.58896641740021
right_turning,85924,85934,10,128.11500575554476,28.761664038997797
walking,85935,85969,34,102.50183623700893,25.135080989805733
stepping,85970,86076,106,72.11375976254767,22.28947180238449
sniffing,86077,86140,63,29.50590869073511,24.37471378553913
climbing,86141,86197,56,32.43060844842825,50.35432266550029
hunching,86198,86204,6,39.87866364390409,35.11674429208039
sniffing,86205,86250,45,27.22501932671667,21.16250730371125
rising,86251,86254,3,37.79440066526969,32.555306262374174
climbing,86255,86291,36,22.066087704830032,57.35923863570278
rearing,86292,86305,13,54.76314129930746,40.00451617879223
grooming,86306,86312,6,22.175975933524175,25.868427760728757
sniffing,86313,86406,93,15.303541172252663,17.30465894467832
rising,86407,86420,13,28.830999042830346,29.013448987598718
rearing,86421,86451,30,15.57335238159895,38.89799439113471
sniffing,86452,86505,53,19.887420154023417,24.041376428952063
left_turning,86506,86528,22,117.21637584884498,25.629897370223283
walking,86529,86558,29,168.89853295205876,29.536048583491816
stepping,86559,86645,86,82.97195226147326,27.101616390654357
sniffing,86646,86682,36,14.726951963219614,22.60849011201761
rising,86683,86697,14,23.054640853106815,33.427919336816835
hunching,86698,86727,29,38.73880910894018,48.169078118924
sniffing,86728,86770,42,45.824071291328366,24.876618531847928
rearing,86771,86793,22,20.60491540352765,43.07278505167019
climbing,86794,86849,55,13.125055516801657,43.871276335004204
hunching,86850,86856,6,24.918898333259772,33.39567736014663
sniffing,86857,86871,14,51.60389516826027,29.03689227219071
stepping,86872,86913,41,107.50605370412727,26.959062185634803
walking,86914,86962,48,110.07918759916518,29.968216775673874
hunching,86963,86979,16,24.95960559342651,36.49207382908982
sniffing,86980,87001,21,56.05310995906068,25.4569253384199
rising,87002,87051,49,20.833915079677972,37.84582178454905
sniffing,87052,87150,98,36.907642961461434,25.934606205255683
pausing,87151,87451,300,14.760918827464947,27.531596736101314
sniffing,87452,87499,47,36.33463296336006,27.193542383888854
walking,87500,87534,34,165.3796530633625,26.638588986163857
sniffing,87535,87583,48,21.90996552022467,23.185714752644028
walking,87584,87624,40,115.76365964609266,25.292747809269585
stepping,87625,87655,30,74.65439936583826,21.915033973951612
sniffing,87656,87686,30,22.409929678380646,19.831846905788478
hunching,87687,87725,38,35.11892431389266,35.36845442885066
right_turning,87726,87736,10,105.78927808406002,29.14598448224174
sniffing,87737,87764,27,35.896112620356156,32.12583365738369
walking,87765,87789,24,113.32134730845839,24.79366069397503
sniffing,87790,87828,38,52.76167012185132,25.319286058415337
walking,87829,87888,59,116.04973665521389,24.451150421569473
sniffing,87889,87961,72,23.34290346563144,23.391423833479504
grooming,87962,87968,6,31.63998339678306,31.619345020207316
climbing,87969,88025,56,29.18713930845028,55.939160722468586
sniffing,88026,88157,131,12.756750872433265,24.1540340360124
rearing,88158,88187,29,34.621101640414764,44.239867804870705
sniffing,88188,88219,31,28.070931727617136,24.716073369364423
left_turning,88220,88241,21,125.32343225489882,26.168083720486617
walking,88242,88259,17,169.17574029852543,26.943806993865927
stepping,88260,88311,51,68.77573187284325,22.81766544254789
walking,88312,88342,30,136.6182643238319,23.3542932957946
sniffing,88343,88362,19,23.902613305174675,23.01310548345856
rising,88363,88373,10,27.113761850383273,35.73747104005303
climbing,88374,88403,29,43.40586713861634,48.26477466145674
sniffing,88404,88490,86,17.417395849393852,21.706628236981906
grooming,88491,88496,5,26.007762300973454,31.765597537367757
climbing,88497,88557,60,26.489318024674393,45.97503045103913
sniffing,88558,88598,40,40.26185111745109,27.244377180948664
walking,88599,88625,26,144.66107395131732,26.42076268754741
sniffing,88626,88650,24,22.48601691206729,22.895067664595157
pausing,88651,88801,150,16.107613444992428,28.60960584164626
sniffing,88802,88914,112,5.154302367974479,26.466328210249472
walking,88915,88950,35,174.3421468422723,24.317548962758494
grooming,88951,88961,10,41.87166123624605,40.63643049100794
climbing,88962,89080,118,13.287520123384244,45.94546590868527
hunching,89081,89087,6,18.618876121185,40.413784747381726
sniffing,89088,89112,24,38.89944746340685,25.758283097012523
stepping,89113,89215,102,69.38126417082285,23.747760289086056
sniffing,89216,89270,54,24.77116665985164,21.345567309031754
stepping,89271,89300,29,58.08653504189628,23.48562448166927
sniffing,89301,89368,67,15.434149853451258,23.951075130315775
rearing,89369,89380,11,21.845336867302294,42.3370893618663
climbing,89381,89418,37,24.877384583896152,48.16265395279554
right_turning,89419,89429,10,63.72881556191545,25.644004238316064
stepping,89430,89629,199,72.8534451657325,21.60424565491677
sniffing,89630,89822,192,17.665763635066668,22.524046954540648
rearing,89823,89856,33,39.872240167805664,44.25146352324895
grooming,89857,89857,0,35.639121621097125,25.963071658810104
sniffing,89858,90115,257,22.13111319797063,25.301688493506905
right_turning,90116,90168,52,60.61106484367072,23.61162521540688
sniffing,90169,90253,84,17.061690719133868,19.487226730289905
left_turning,90254,90301,47,50.457313541956545,24.560290995254203
sniffing,90302,90357,55,43.16560626181365,33.82419994927336
walking,90358,90405,47,100.65549165586442,27.65859260044968
stepping,90406,90450,44,70.93602459461442,26.17649260136042
sniffing,90451,90487,36,14.616900610924146,23.82526073223505
stepping,90488,90497,9,40.89727656644692,21.415631083480797
sniffing,90498,90641,143,27.655645356521916,25.060387262603847
rearing,90642,90670,28,19.028087073742437,44.908943494839406
sniffing,90671,90701,30,37.702162146262694,27.53259860518656
walking,90702,90751,49,104.96825531266767,25.501091913843947
sniffing,90752,90962,210,24.64086815709925,25.392129543299006
walking,90963,91010,47,96.34809536462052,22.321121165048794
left_turning,91011,91051,40,51.289742938461764,21.05651018296722
walking,91052,91074,22,124.50762093025,21.096395704090902
sniffing,91075,91159,84,18.04758999675105,17.831152040125673
rising,91160,91329,169,5.898473649881687,23.705755026373357
sniffing,91330,91389,59,12.419215112257932,19.88036613130999
hunching,91390,91424,34,10.609235427041126,34.97234287045072
climbing,91425,91477,52,15.872531226728976,37.90645388613651
grooming,91478,91480,2,22.979112751560454,26.68079251509
sniffing,91481,91555,74,14.257656693159051,19.26414156082643
hunching,91556,91561,5,26.987079082462476,31.23541719618238
climbing,91562,91598,36,32.92539548470673,48.26214123466373
grooming,91599,91600,1,68.62056167068978,27.686933317452315
sniffing,91601,91641,40,50.0679250036764,24.142984272630382
left_turning,91642,91693,51,42.64650073504143,23.65619729313422
trotting,91694,91730,36,209.7607060041407,26.828445804133565
rising,91731,91778,47,24.12460367952391,38.89496092369223
right_turning,91779,91781,2,142.7535398982308,27.379320402200918
walking,91782,91821,39,105.0455426412544,26.373756040388685
stepping,91822,91871,49,72.95638217526347,25.371247520573533
rising,91872,91905,33,32.74001026299522,40.46421086203232
walking,91906,91955,49,69.79138451143947,24.953963448688157
sniffing,91956,91968,12,27.304707169477883,33.646335541096995
climbing,91969,92094,125,12.408877432974629,45.764550412732596
hunching,92095,92102,7,17.611416996637985,40.399284359729364
grooming,92103,92110,7,20.068803679397618,34.07805819922143
sniffing,92111,92348,237,14.306996447400245,21.576369754366482
left_turning,92349,92353,4,43.09601058911453,23.79495815826591
sniffing,92354,92409,55,41.06315706234199,28.837837527830605
grooming,92410,92464,54,17.832411285249794,30.013051974075406
sniffing,92465,92667,202,22.027633044561437,30.15512461591929
grooming,92668,92698,30,15.783547632660806,36.261470543720286
hunching,92699,92722,23,23.3426030484396,42.31233817996809
grooming,92723,92737,14,19.63928223564478,34.31776223696526
sniffing,92738,92761,23,66.52865234602055,22.948359355413576
grooming,92762,92779,17,39.48294049710509,31.439255062581076
climbing,92780,92835,55,18.86586445520141,40.67585971900757
right_turning,92836,92848,12,29.50502220483592,24.16347251475198
sniffing,92849,93034,185,30.906374706994978,26.911420895627845
walking,93035,93054,19,109.18672925289486,23.383657321576717
sniffing,93055,93087,32,34.154855980329,24.56064781244125
walking,93088,93129,41,104.71226747195286,22.86890772013458
grooming,93130,93164,34,31.91257751864247,40.83554234203941
walking,93165,93167,2,88.08688779190906,27.112681785186396
stepping,93168,93237,69,74.2369106610747,20.805992222134638
sniffing,93238,93341,103,30.999758377607375,21.922535281001807
stepping,93342,93393,51,66.12595517739403,27.274202509262196
sniffing,93394,93450,56,26.043032389926786,21.901577435842476
pausing,93451,93601,150,18.196615331673698,26.149266781500906
sniffing,93602,93667,65,34.70630321883891,28.547802509357386
hunching,93668,93706,38,17.376943921088888,40.459557071236055
sniffing,93707,93718,11,54.41566635912414,27.9318107523812
stepping,93719,93778,59,64.48179133494462,25.52725155055557
sniffing,93779,93885,106,13.129238328459483,23.731579276404215
rearing,93886,93950,64,19.381002704744375,45.68594657266265
hunching,93951,93973,22,16.017349700589854,37.447073325694866
sniffing,93974,94031,57,16.411175940992702,26.077892262501628
hunching,94032,94080,48,8.99024926597152,41.346514780194255
sniffing,94081,94114,33,19.822890619953462,30.206770064011184
rearing,94115,94200,85,16.007794088308405,43.36393495851601
hunching,94201,94243,42,24.067096980397213,48.99117369820774
sniffing,94244,94273,29,21.40756220483524,23.949287067097668
grooming,94274,94318,44,34.533538924274865,34.229397830089574
left_turning,94319,94360,41,158.02393303162475,27.841179117283872
walking,94361,94386,25,138.485730821423,26.070687057800512
sniffing,94387,94404,17,30.783410490616152,25.820220560521225
stepping,94405,94443,38,58.52710110524546,22.66430437358692
sniffing,94444,94456,12,37.75929113102183,21.173402346765947
stepping,94457,94504,47,74.00945858261048,19.99404718734522
sniffing,94505,94650,145,14.754767602857891,25.454468476049236
pausing,94651,95101,450,10.033894999267098,26.1204022528182
sniffing,95102,95108,6,17.899418191698246,28.168469792681453
stepping,95109,95147,38,76.5853752955207,25.673635957202283
walking,95148,95189,41,196.9048847206353,28.46860629540656
sniffing,95190,95388,198,32.85113439176404,27.449268649133472
grooming,95389,95900,511,14.656184896296399,32.668736558804284
hunching,95901,95952,51,11.981832472392018,38.14017421940653
grooming,95953,98346,2393,15.983495775921398,33.044091329438984
hunching,98347,98406,59,8.097520956113692,38.95417615238007
climbing,98407,98441,34,12.860924673859476,38.87635895331602
grooming,98442,98466,24,10.548906693842985,36.66293859083603
sniffing,98467,98476,9,29.659053028321257,30.8075009558135
grooming,98477,98531,54,15.876956194090171,27.30572196601596
rising,98532,98579,47,14.978028516810653,37.50608987619967
grooming,98580,98630,50,15.214079089711177,32.514488844751796
rising,98631,98690,59,7.332609654388204,36.30138640617681
hunching,98691,98769,78,12.695448540742477,36.541183617971924
grooming,98770,99049,279,16.390553137408258,28.551830945282926
hunching,99050,99124,74,14.35937708770205,35.86616495820658
grooming,99125,99174,49,20.517291732680473,33.191611139908076
sniffing,99175,99234,59,11.357093858029343,37.30735427793203
hunching,99235,99288,53,13.209899680831043,37.68915524113272
sniffing,99289,99327,38,17.618547441803873,36.13918329177999
grooming,99328,99547,219,18.43247154752854,25.142561569418813
hunching,99548,99611,63,13.04248256971207,36.97954316428505
rearing,99612,99651,39,11.445796793255088,35.674523044811835
hunching,99652,99711,59,12.344217865540486,35.331635729099645
grooming,99712,99771,59,7.005347385670754,35.949591476663315
rearing,99772,99799,27,17.618943189340037,34.74180970780307
sniffing,99800,99856,56,13.363790122803868,34.60855448740709
rising,99857,99901,44,13.86976110376153,36.82988015110401
hunching,99902,100071,169,9.04835186834214,36.71574621531651
grooming,100072,100120,48,16.669794070333676,35.00142660192727
sniffing,100121,100149,28,10.304216057242217,33.726638064315196
grooming,100150,100197,47,11.559545974824202,33.523045557867306
sniffing,100198,100200,2,17.236217131266347,32.257115096433346
pausing,100201,100951,750,11.12947784910686,32.88690225422471
sniffing,100952,101018,66,11.739979911537542,30.690834175017894
grooming,101019,101198,179,13.983415955172068,29.483596970058272
sniffing,101199,101318,119,8.213165005813114,29.332721624677706
grooming,101319,101538,219,19.087060476739698,23.486336259840712
hunching,101539,101560,21,19.46110503155792,34.63651505599413
sniffing,101561,101775,214,12.444271543926734,32.366155745903825
grooming,101776,101895,119,15.115267184522917,24.882630348216352
sniffing,101896,101939,43,15.295361979863044,30.81129720455829
grooming,101940,102032,92,10.185013515608095,31.928315692550562
sniffing,102033,102195,162,12.774023108387835,32.081800521016746
grooming,102196,102252,56,17.542975078262167,32.74301773956135
rising,102253,102312,59,20.729317936805657,33.42719252920271
grooming,102313,103023,710,18.206797523880716,26.926593393902863
hunching,103024,103051,27,19.718616218513763,33.940250417408016
grooming,103052,103365,313,20.74640482142703,30.113096791466457
sniffing,103366,103420,54,13.437517134156579,31.37873849032278
grooming,103421,104197,776,17.701012497437205,30.226989051022255
sniffing,104198,104390,192,16.911261024236627,26.740346631128073
grooming,104391,104507,116,14.384500347784169,31.938911049018508
sniffing,104508,104537,29,12.078072733437075,27.84542677904448
grooming,104538,104951,413,20.71181624472425,28.41562140293469
sniffing,104952,105000,48,19.627347958376742,30.45102602923122
pausing,105001,105451,450,9.585182008386674,27.240719440531564
sniffing,105452,105516,64,6.926696578492605,24.907714423478637
grooming,105517,105869,352,10.96231561350971,29.73843324860513
sniffing,105870,105954,84,13.498085936438631,28.367787730022563
grooming,105955,107298,1343,19.04880165071302,28.035339975085176
sniffing,107299,107323,24,12.671463651453335,32.94888903526105
grooming,107324,107859,535,15.454051571307412,29.502771148616798
sniffing,107860,108000,140,19.753295955953266,25.418703505334122
