revised_movement_label,segBoundary_start,segBoundary_end,frame_length,average_speed,average_back_height
sniffing,0,60,60,61.01036065985158,28.60459200169152
running,61,77,16,48.44891572579319,32.686035935073605
left_turning,78,115,37,117.96262461306776,25.71033640855391
sniffing,116,140,24,45.011906855894125,29.702478884883504
stepping,141,158,17,70.72100818015552,27.802275090103127
walking,159,177,18,107.7854558501028,27.017885291490458
sniffing,178,194,16,19.896198253352857,32.32014018299528
walking,195,321,126,142.03386800080025,27.705503974181365
left_turning,322,359,37,131.42003152817418,26.542906477195334
stepping,360,377,17,95.61045964052786,28.49255663292405
rising,378,407,29,59.21932303025738,32.98315769998553
stepping,408,435,27,102.6038941151579,31.12818044017976
trotting,436,468,32,212.78955885610867,29.11352571072102
walking,469,518,49,170.1549995202115,27.960868460167134
sniffing,519,557,38,66.18845043097623,31.17237858691714
left_turning,558,618,60,99.66182012928799,32.75033205150808
walking,619,661,42,150.91716848991928,32.774021503866784
left_turning,662,717,55,126.57094324772154,30.369821835758014
rising,718,729,11,55.69786870730484,38.35817358950148
climbing,730,748,18,58.57167036533458,46.59981804981012
sniffing,749,767,18,19.843668633541483,30.37960501780556
right_turning,768,783,15,35.301756885435985,28.932302333070066
sniffing,784,835,51,18.137083065127612,24.074794653405455
rising,836,855,19,46.89716880504636,36.15003623200185
climbing,856,880,24,51.951856668974216,46.101661420368536
sniffing,881,933,52,22.598926964413288,30.648885331795228
right_turning,934,963,29,73.1415436113641,31.459434137814675
left_turning,964,991,27,110.38074807276418,31.416057308757168
walking,992,1027,35,171.9790310125576,28.204546504743416
sniffing,1028,1108,80,44.79475195750098,30.26391904779065
left_turning,1109,1130,21,104.79478506401074,32.18993000289623
sniffing,1131,1157,26,61.48205767196656,32.17235029602595
left_turning,1158,1180,22,114.54691751638045,33.274086247600664
walking,1181,1236,55,183.14632635189128,30.294938471848408
sniffing,1237,1299,62,26.69434812309816,27.94143043411945
right_turning,1300,1320,20,86.86310654916986,29.28109633388108
sniffing,1321,1333,12,51.912588130355616,32.32107936141386
walking,1334,1372,38,142.97233290901312,30.894390454571084
sniffing,1373,1395,22,28.463285991126007,33.13526326294036
walking,1396,1440,44,171.2930558403422,29.51621538412026
left_turning,1441,1470,29,75.90819154095904,28.6484728499852
sniffing,1471,1482,11,34.636017572331475,28.863313943607555
left_turning,1483,1494,11,89.28784508945292,30.53078056610775
sniffing,1495,1568,73,49.164764017636614,32.558174344698436
stepping,1569,1613,44,67.49765060554802,31.61385284876434
walking,1614,1637,23,135.95972119201443,34.24295836635633
sniffing,1638,1673,35,36.83430024588659,27.148019035101544
left_turning,1674,1681,7,106.25402110786852,34.98031731066453
rising,1682,1702,20,56.176822600298195,35.08807581800571
rearing,1703,1717,14,45.381492601216905,40.11138993629746
climbing,1718,1764,46,49.2393728077662,52.371697379034146
sniffing,1765,1833,68,25.972214592637442,31.8165378999469
walking,1834,1913,79,168.00546686004603,32.26074081716803
sniffing,1914,1988,74,69.51003718044142,32.57670875771189
trotting,1989,2028,39,227.82710045293115,31.294713203809835
sniffing,2029,2053,24,72.47584592269396,27.175000248284096
rising,2054,2083,29,72.09377530417913,30.189729016380202
climbing,2084,2133,49,42.99013315462742,56.10719077829257
sniffing,2134,2183,49,31.574841568394003,29.073868005389645
rising,2184,2207,23,56.62604190274792,32.77768124408409
sniffing,2208,2325,117,19.375050581554326,30.7204631466232
climbing,2326,2369,43,45.29805125106489,47.75221149683141
sniffing,2370,2767,397,29.461841633615727,30.802172647732064
stepping,2768,2807,39,73.6270283942982,30.66231516780568
walking,2808,2856,48,191.57149411513817,31.35247157679499
sniffing,2857,2901,44,107.11966928691383,30.47885225490926
walking,2902,2968,66,136.8325595455409,28.354728826691616
sniffing,2969,3029,60,40.576086919164304,31.595920584249
rising,3030,3043,13,38.37619029676454,39.8053840542836
sniffing,3044,3077,33,39.534458265069404,33.69739086234132
climbing,3078,3122,44,40.44733717014259,47.27944376129022
rising,3123,3129,6,53.6763422991461,38.174367205123524
sniffing,3130,3170,40,34.22726537230701,34.45779177624897
left_turning,3171,3235,64,95.09233472051245,35.752468657867894
sniffing,3236,3282,46,20.31214037457879,30.192043649513316
right_turning,3283,3306,23,87.79833998942165,31.63740649652115
walking,3307,3375,68,144.0337475814261,30.98437623591679
right_turning,3376,3388,12,49.43161498893897,27.193076773400453
sniffing,3389,3424,35,34.7089546025367,26.86145477361234
right_turning,3425,3447,22,78.04636446225012,33.35972266801987
walking,3448,3497,49,187.00401836395292,31.323026777954066
sniffing,3498,3553,55,51.38792832335627,30.708035267450747
walking,3554,3607,53,131.36069912934545,30.673845832716765
sniffing,3608,3625,17,55.348700230718045,26.86780252624125
rising,3626,3634,8,44.21232596273831,38.483744863546484
climbing,3635,3667,32,30.565723263448287,56.282710183948566
rising,3668,3718,50,29.69893045743382,30.67247275767324
sniffing,3719,3746,27,34.61744209221216,31.584118913996956
walking,3747,3769,22,126.17482353178805,33.07782355489859
sniffing,3770,3804,34,17.52319686124119,32.266604921030684
rising,3805,3861,56,16.76237105859768,38.075734220125334
rearing,3862,3878,16,16.963604072397537,39.81385817860512
climbing,3879,3933,54,22.068091338565495,39.73030271318005
rearing,3934,3986,52,25.07555614322411,39.822083192428714
rising,3987,4024,37,31.488191614753227,36.793303438334696
sniffing,4025,4170,145,34.12240819613617,35.9590873121882
walking,4171,4207,36,157.49180054697743,27.93385806288775
sniffing,4208,4257,49,46.41584661931278,29.695184804055028
climbing,4258,4294,36,41.88353031549912,48.6415833641614
sniffing,4295,4319,24,46.29325587314488,30.403501733796862
walking,4320,4352,32,160.43277589453328,34.36860577507413
climbing,4353,4395,42,43.6755618394569,51.548807174704415
sniffing,4396,4534,138,22.4005415440515,33.84482234454262
rising,4535,4549,14,38.8791684669051,37.014102557963994
left_turning,4550,4560,10,88.53724261602459,34.04232105119995
trotting,4561,4590,29,239.28724182132075,34.94943129777899
walking,4591,4630,39,165.76378666518536,32.88429558378573
rearing,4631,4662,31,30.771065575612546,41.67945176654176
rising,4663,4698,35,41.01437200318859,44.19110409643766
sniffing,4699,4838,139,31.47481434494735,26.6682642209758
rising,4839,4859,20,41.88919414350742,35.109124782974426
climbing,4860,4905,45,36.10415892656124,59.65867884789193
sniffing,4906,4982,76,25.272594356601505,26.885905508842352
rising,4983,5003,20,28.20685310954206,32.73270554300129
climbing,5004,5023,19,52.972282608231275,43.259018378564534
sniffing,5024,5089,65,30.53189752691197,30.026556871167383
rising,5090,5100,10,38.50199912963839,38.692389394756496
climbing,5101,5134,33,46.941728040662575,55.070168632198325
sniffing,5135,5155,20,30.491150938332026,29.982556671146497
left_turning,5156,5258,102,97.77315089038987,34.30080563341705
sniffing,5259,5278,19,25.237991534598642,32.707811068606546
climbing,5279,5324,45,38.76069282005524,46.972494758542496
sniffing,5325,5343,18,33.301629827593594,31.31681735825707
right_turning,5344,5347,3,197.34605477171658,28.80342827345166
walking,5348,5389,41,141.34835495146524,26.367730132945184
sniffing,5390,5502,112,21.064630578136875,26.737624856478952
rearing,5503,5519,16,37.59055335136904,36.489657860035976
climbing,5520,5555,35,43.03313685325424,42.4304952974723
sniffing,5556,5636,80,38.158377536088786,30.671815084590907
rearing,5637,5672,35,20.520936425924397,41.47169835231755
sniffing,5673,5694,21,30.766968591700504,33.3739959958546
stepping,5695,5737,42,44.50866258456745,33.31247204060019
left_turning,5738,5751,13,122.16200888274423,34.394975134362994
walking,5752,5793,41,177.22409492739507,27.890436457635865
sniffing,5794,5834,40,81.62815832834617,26.911304100074165
walking,5835,5843,8,75.29587294333743,35.24538963595299
climbing,5844,5889,45,49.09179682995063,50.86015386439483
sniffing,5890,5914,24,37.201498243712095,29.885531301764086
climbing,5915,5977,62,42.450495721931375,56.309619081945705
left_turning,5978,6037,59,87.61574671258295,36.18719748082501
sniffing,6038,6062,24,38.470836939530514,36.542512161325746
left_turning,6063,6080,17,59.03988816649961,32.71640213192603
sniffing,6081,6119,38,30.301554212527073,29.66437312711411
left_turning,6120,6157,37,85.05870928089867,27.185279504147342
sniffing,6158,6177,19,21.58977979966481,26.109278759879192
rising,6178,6186,8,38.5858688376088,37.13248757492499
climbing,6187,6214,27,49.34196619376841,48.438572581126486
sniffing,6215,6279,64,30.09763054317888,28.24131841738986
rising,6280,6281,1,65.2430822643734,31.198550581198205
left_turning,6282,6291,9,58.52089865469649,30.80910948998355
sniffing,6292,6306,14,21.773946340821556,28.647939754540424
left_turning,6307,6331,24,92.02986446905933,41.58447924335656
right_turning,6332,6374,42,52.15945188921714,32.178666184006325
sniffing,6375,6380,5,46.652497216016,35.16140919305779
climbing,6381,6411,30,56.43105890798525,52.14525014689533
left_turning,6412,6421,9,94.83332604597507,36.05969943975655
sniffing,6422,6465,43,18.39173861755351,32.136941593607865
left_turning,6466,6487,21,131.02311441223628,39.75758966685746
trotting,6488,6538,50,228.70122934740164,30.934199784004594
sniffing,6539,6573,34,39.948817901140394,27.565037216173327
walking,6574,6621,47,111.0504321833954,29.212236339116306
rising,6622,6632,10,57.23694657822304,40.381445500251075
climbing,6633,6721,88,40.4900278229002,57.7201290375441
sniffing,6722,6800,78,54.26806381907838,33.69891898781951
walking,6801,6876,75,164.87591973412597,32.1816367229273
left_turning,6877,6905,28,58.27893346108481,31.629616968501292
walking,6906,6967,61,144.6744983044206,28.95488138518658
sniffing,6968,6972,4,53.85373657429294,28.63099557244994
rising,6973,6983,10,25.218017843917995,29.20018904907296
climbing,6984,7050,66,51.020212511180304,49.118803306229374
sniffing,7051,7110,59,32.10749556978321,28.87125783359862
right_turning,7111,7118,7,169.57109219006915,32.11536980468608
walking,7119,7143,24,167.90428770383315,33.57510456037169
trotting,7144,7177,33,252.1944074628669,34.03993058529185
walking,7178,7211,33,164.1144641289883,27.40182805575512
sniffing,7212,7246,34,31.578880520295478,27.489156381695743
stepping,7247,7287,40,89.09629017684897,28.710146099098665
sniffing,7288,7339,51,31.626779212281544,28.863778377345202
climbing,7340,7363,23,40.085089855136296,51.129975029366186
rising,7364,7400,36,16.6006881761876,32.32883981633788
sniffing,7401,7468,67,20.346468133725292,28.994170863964005
climbing,7469,7522,53,37.91756103894708,45.75301756960862
sniffing,7523,7582,59,31.10519122849132,29.54177073115846
right_turning,7583,7592,9,125.38035037767679,31.66213066089181
stepping,7593,7639,46,75.36121891167872,32.83250442501266
walking,7640,7687,47,181.49820366281224,35.383014923730805
stepping,7688,7731,43,88.03953435969653,31.73665309428327
left_turning,7732,7767,35,112.62564780594572,35.02861413323388
walking,7768,7818,50,141.55861919881838,29.683940884059897
left_turning,7819,7861,42,117.16888333384941,27.847908530744636
sniffing,7862,7884,22,54.90551256022821,30.31377190334408
climbing,7885,7911,26,40.77251056824454,42.910834506656236
sniffing,7912,7946,34,58.96485421560145,33.24944372114683
walking,7947,7992,45,160.3510074471094,30.821863650331366
sniffing,7993,8032,39,27.514798974159326,30.107707430732813
rising,8033,8043,10,39.58312649818841,39.22188979798632
climbing,8044,8075,31,43.97148997399263,52.93181557284211
sniffing,8076,8182,106,25.294738235918324,31.061595956490947
right_turning,8183,8201,18,79.57526570493773,31.844587871286702
trotting,8202,8216,14,209.06880967815147,36.38647830965355
sniffing,8217,8239,22,43.21528321713996,32.17223394142329
walking,8240,8280,40,189.8209830480228,27.087061951256356
sniffing,8281,8313,32,39.025184818718245,30.05781990217689
left_turning,8314,8320,6,49.61738720236023,28.76804117031097
sniffing,8321,8381,60,28.461015261962597,28.334542026350082
climbing,8382,8413,31,39.3327491815089,42.890717382982885
sniffing,8414,8425,11,35.12829987927572,31.30505543382326
left_turning,8426,8452,26,116.1774399970488,34.210096060899716
walking,8453,8499,46,149.38716313717296,34.74097747617353
trotting,8500,8534,34,227.25728895719553,33.02717763542015
sniffing,8535,8571,36,53.984664894420874,30.2339532605882
left_turning,8572,8596,24,82.57549344937412,33.013909781256245
sniffing,8597,8622,25,105.66642303003331,33.67779138548055
walking,8623,8645,22,172.33917464513868,33.85906569549916
rising,8646,8677,31,26.826425732607092,37.21853689394838
climbing,8678,8709,31,59.458491623605674,50.3139426822211
walking,8710,8721,11,173.23979783957475,37.075251811173715
left_turning,8722,8772,50,115.88394029096219,36.255478959539396
sniffing,8773,8789,16,69.5553782242622,35.2782275095815
left_turning,8790,8816,26,93.06813697221152,31.31359148133579
sniffing,8817,8840,23,15.426375221175185,33.2288739553311
left_turning,8841,8866,25,96.72735450644342,31.46877429061524
walking,8867,8908,41,199.0691900432387,30.059627032987287
sniffing,8909,8992,83,36.16757258634155,25.691801220071213
rising,8993,9009,16,48.04918268674964,33.34762098830776
climbing,9010,9093,83,47.560217570427895,53.141446633266966
sniffing,9094,9177,83,24.710204986336272,28.64634174529166
right_turning,9178,9185,7,159.5101577522324,33.329034043289546
walking,9186,9259,73,171.0702165525466,32.91094956632022
rising,9260,9270,10,71.91592306441754,42.468134275273584
climbing,9271,9308,37,35.61132797568954,63.27490080651343
jumping,9309,9309,0,55.95719613733064,46.81989724774853
walking,9310,9314,4,122.80070915982587,36.799567718198205
left_turning,9315,9321,6,129.94226873169362,32.29007297824911
stepping,9322,9352,30,59.74938606847217,28.567287173863633
rising,9353,9377,24,54.71701028658007,34.98171657127962
sniffing,9378,9434,56,67.7362363610253,35.6035006310158
left_turning,9435,9458,23,119.68226043986817,38.43335368918563
trotting,9459,9497,38,246.58986417335473,31.777091690136565
walking,9498,9523,25,124.51605728811613,29.19380783561406
left_turning,9524,9562,38,116.19527209248466,31.38081175756662
sniffing,9563,9652,89,37.84666430102429,30.763328515970386
rising,9653,9666,13,56.7986103633102,41.462820656644276
climbing,9667,9685,18,76.47166653902602,52.262705559125024
sniffing,9686,9737,51,65.41140320864655,34.97335900018161
walking,9738,9754,16,76.7618436446128,31.549953140723687
sniffing,9755,9788,33,30.597324347721724,31.83591389954644
left_turning,9789,9813,24,137.76373636286746,31.00431721753951
trotting,9814,9832,18,224.42570206025007,30.97283463039498
sniffing,9833,9896,63,48.870493525056986,30.684341857794234
rising,9897,9903,6,60.886876834305994,41.76821748713975
climbing,9904,9927,23,53.12689733989871,52.76371750131477
right_turning,9928,9945,17,80.80659415410243,29.852413720889256
sniffing,9946,10018,72,25.420534269067225,30.657765927005748
climbing,10019,10055,36,47.41509561407983,48.33285194903696
walking,10056,10103,47,186.3788846678165,33.63863021849587
stepping,10104,10147,43,82.35111380172383,34.80130908875989
walking,10148,10189,41,171.19162715696956,32.785520434484496
sniffing,10190,10239,49,34.92450460193133,33.39216572505396
rising,10240,10242,2,41.369559216274304,35.555679233434155
sniffing,10243,10255,12,51.25655048165332,36.738072140829644
right_turning,10256,10263,7,114.6056195757051,34.40969285231682
walking,10264,10293,29,105.95796923947572,32.65492232521544
left_turning,10294,10301,7,81.83386087149893,30.843676794099878
sniffing,10302,10371,69,50.419764483849725,31.88940151612969
climbing,10372,10395,23,46.551934285850145,48.29366386713375
sniffing,10396,10437,41,32.32090287844304,29.89631137294645
right_turning,10438,10453,15,106.15286708257487,29.905267868566842
walking,10454,10497,43,137.81947793715557,31.426194384009793
sniffing,10498,10523,25,39.90425978576169,34.83482536773051
stepping,10524,10525,1,136.39805952464997,32.39475875792883
walking,10526,10563,37,166.32514741846197,30.256938526428417
sniffing,10564,10605,41,27.286025387919285,29.09122746753202
walking,10606,10617,11,123.04093003354923,27.51061683391526
left_turning,10618,10660,42,97.41493925120527,28.495035708147572
walking,10661,10745,84,101.75000643334008,30.501496382892523
sniffing,10746,10756,10,33.977960347829715,31.33538581078395
walking,10757,10789,32,151.2282387020169,34.186850099673215
stepping,10790,10837,47,65.68506228114626,35.80875461288392
walking,10838,10928,90,149.84871557605058,31.35167550268228
stepping,10929,10939,10,100.374439254384,37.52147412211779
climbing,10940,10999,59,44.377045855470755,55.16208136068994
sniffing,11000,11015,15,29.87867691153906,33.737078374395395
right_turning,11016,11027,11,115.53018791325634,32.30708642408264
walking,11028,11043,15,105.84838354133919,30.754009627493602
rising,11044,11056,12,59.5460191909414,46.59044763699449
climbing,11057,11109,52,38.29760202771094,62.7793604232115
hunching,11110,11124,14,30.21035081089817,42.22804025729619
sniffing,11125,11141,16,19.57109338963887,31.296543346669
rising,11142,11196,54,27.373663745545752,38.489326165694045
sniffing,11197,11231,34,31.69754906286942,39.81723991423302
stepping,11232,11253,21,91.10717898663773,40.81288442894783
sniffing,11254,11286,32,41.87545747632181,32.73516768581576
stepping,11287,11311,24,35.85026826625298,36.23009627942753
sniffing,11312,11372,60,47.724721495469076,36.46066285231342
left_turning,11373,11391,18,70.78574968171469,33.44935525075867
walking,11392,11451,59,146.33615726453164,32.70591398715513
left_turning,11452,11461,9,157.998393902496,35.472724551457034
walking,11462,11492,30,205.21461553697387,28.202680100754673
sniffing,11493,11549,56,30.95077446319355,29.30397437703551
rising,11550,11569,19,50.43751313209641,41.12083287454639
climbing,11570,11610,40,40.66650925024554,52.78217216259338
sniffing,11611,11621,10,51.249864936064576,32.651816307415054
right_turning,11622,11629,7,156.94685384571,30.402390469145203
trotting,11630,11656,26,246.51960047225498,31.294793811905944
stepping,11657,11701,44,94.35963568578404,30.66718122624635
right_turning,11702,11730,28,63.26186102156491,32.913341759284755
trotting,11731,11771,40,226.60623466428748,32.99437570794642
sniffing,11772,11810,38,74.71192569178616,28.842486890962828
left_turning,11811,11916,105,81.54221057212348,32.60650441539811
sniffing,11917,11966,49,26.388397709577607,30.724810949827862
left_turning,11967,11994,27,113.78769162431796,31.070585734983077
walking,11995,12029,34,113.11703767362886,28.97655828814831
sniffing,12030,12070,40,32.028634138409735,29.48196091766542
rising,12071,12091,20,29.96110974625806,34.276027299008305
climbing,12092,12179,87,46.80920312860579,49.37173804099523
sniffing,12180,12220,40,27.26263255452431,29.773845253405064
right_turning,12221,12238,17,68.30029505815577,33.79326345703386
walking,12239,12260,21,101.39327479451005,33.38453997431154
trotting,12261,12284,23,253.7302081227922,34.957554952001466
walking,12285,12379,94,128.25645917512375,31.840171384313717
sniffing,12380,12400,20,32.68847978300857,30.402807058117656
climbing,12401,12454,53,42.125073137802914,55.99847141559406
rising,12455,12461,6,38.9881665184526,34.329283830672196
right_turning,12462,12483,21,79.3540455299785,31.46189263001302
trotting,12484,12505,21,230.2912527082904,35.155018574430976
walking,12506,12586,80,129.2095198057125,32.553255538755835
sniffing,12587,12611,24,22.344983182955886,29.788524716309304
climbing,12612,12659,47,54.74398324715953,46.05150766445822
walking,12660,12672,12,159.74785782114785,40.68902035437246
sniffing,12673,12709,36,27.009824117271123,34.9710946738738
stepping,12710,12725,15,143.78249811297343,39.47242575699157
walking,12726,12756,30,144.69152693250254,34.41765230501466
sniffing,12757,12794,37,100.14677938134122,31.559862524909757
left_turning,12795,12838,43,123.72345134702668,28.34884493200434
walking,12839,12855,16,120.63823105765347,27.596737244052026
left_turning,12856,12909,53,97.49435268531263,28.08999018678015
sniffing,12910,13037,127,25.51064682929904,29.304803726995676
climbing,13038,13062,24,56.423724166864034,45.251794921954996
grooming,13063,13088,25,33.71389828334071,42.85553354938971
sniffing,13089,13219,130,28.334614919853347,30.329621133535806
walking,13220,13258,38,172.40592603403516,38.1736098097181
sniffing,13259,13302,43,49.76992571144842,32.621198431647976
walking,13303,13364,61,148.6829858968544,32.28450554397874
rising,13365,13374,9,51.094915894468684,36.89333999838338
climbing,13375,13428,53,38.78400208995521,55.040930311970364
sniffing,13429,13448,19,45.21237551116337,33.55165371261169
left_turning,13449,13483,34,94.59282296049854,34.179312008176524
walking,13484,13523,39,181.60291446278893,34.29854972519988
sniffing,13524,13542,18,38.543226113522,29.30077896990412
left_turning,13543,13589,46,109.60360303938597,30.60614209966657
sniffing,13590,13628,38,26.1868828887336,28.55851963399289
rising,13629,13641,12,42.887209105309914,39.35643266425303
climbing,13642,13681,39,43.041577192989344,57.186683595266935
sniffing,13682,13793,111,45.02115816994149,38.16421264679979
trotting,13794,13840,46,219.3591255358435,34.68284680215126
sniffing,13841,13860,19,86.47941082899636,34.278853791069366
left_turning,13861,13867,6,109.19053800736587,31.03565566902796
walking,13868,13880,12,155.818743629888,29.595526878854717
sniffing,13881,13894,13,29.54587783684611,28.459235354815878
stepping,13895,13924,29,101.06069415946693,34.371604595671535
sniffing,13925,13966,41,63.446175391156714,33.886193472804784
rising,13967,13982,15,80.42335094574895,35.34030494031945
sniffing,13983,14029,46,24.696732250888193,37.63626423428154
rising,14030,14089,59,11.176851776443003,40.608096477801986
hunching,14090,14200,110,17.14777457211295,43.04685544691964
rearing,14201,14243,42,26.14287416345142,42.608754137863585
left_turning,14244,14247,3,93.64848753494977,35.096579988649566
walking,14248,14292,44,141.00254953994485,37.065227510248135
rising,14293,14314,21,50.600299391432415,42.30283814924636
sniffing,14315,14338,23,28.08155073265297,36.87345123187532
rising,14339,14342,3,40.275706828222944,39.024255781063886
sniffing,14343,14362,19,62.87992816794964,34.577017080224984
rising,14363,14381,18,55.617910622498265,43.18924222204682
climbing,14382,14413,31,37.76111493301524,61.88924111974066
jumping,14414,14414,0,53.835041098814415,49.76885720190377
walking,14415,14419,4,52.94218944849854,40.95623113977494
sniffing,14420,14435,15,38.6268428965406,33.333459945264984
right_turning,14436,14445,9,162.7298382492683,33.810269842484885
walking,14446,14501,55,165.3479002254779,32.445935808833404
climbing,14502,14589,87,26.119235811161683,57.56548287419127
hunching,14590,14604,14,26.586881075884342,41.33960851824407
sniffing,14605,14629,24,22.419444758513393,30.19123766442564
climbing,14630,14676,46,43.86431420795698,46.017331233383835
sniffing,14677,14690,13,61.920177928449114,38.84041710757322
left_turning,14691,14733,42,65.62856808006173,37.682454797996186
walking,14734,14750,16,123.4166988642939,36.92637764940279
rising,14751,14767,16,71.71593677782734,42.84994059077247
climbing,14768,14808,40,51.21043207877766,55.35607338629144
sniffing,14809,14859,50,25.461262335310632,33.47686502379766
left_turning,14860,14893,33,77.0094412554974,38.951632573160666
sniffing,14894,15001,107,48.1483372023391,31.848723579371132
walking,15002,15009,7,194.6278447912452,34.15284015243222
stepping,15010,15048,38,99.59576607894506,30.62155617490169
sniffing,15049,15069,20,23.7680549422027,27.752744133910454
rising,15070,15081,11,39.8621184201339,36.344032497598455
climbing,15082,15148,66,39.13032601057366,52.62745303603457
sniffing,15149,15179,30,27.288761782965164,30.502239781962096
right_turning,15180,15217,37,72.37325976340323,33.418029872679405
walking,15218,15268,50,156.85856766750115,34.20677231837364
sniffing,15269,15315,46,54.28091363284204,30.334457417021586
walking,15316,15353,37,137.73913039219067,31.94893489100385
sniffing,15354,15395,41,104.34345128629259,33.70369116770876
left_turning,15396,15420,24,66.36715418168876,31.363906307960857
sniffing,15421,15454,33,40.12063624344156,30.90183695926507
rising,15455,15467,12,107.13384942502961,37.04110451818526
walking,15468,15514,46,144.53187741891165,32.587566928651064
sniffing,15515,15526,11,16.52324774135266,28.277099725757683
rising,15527,15541,14,45.13283928474753,37.51617633979996
climbing,15542,15571,29,42.040402987762675,53.6120890698842
sniffing,15572,15646,74,27.210123581289974,30.41952047070704
rising,15647,15694,47,33.8908347506867,31.27217132080661
sniffing,15695,15722,27,54.99732122852704,33.04066905522846
walking,15723,15789,66,185.12691713982917,35.328570527467676
sniffing,15790,15866,76,48.10006868299596,29.755234445569467
climbing,15867,15888,21,78.54328783452493,44.765566032044006
walking,15889,15920,31,169.21192780802573,35.41718119321328
sniffing,15921,15970,49,37.331776549231215,33.2201348732397
left_turning,15971,16012,41,93.89297525217236,32.43571072664949
walking,16013,16060,47,180.2189960957944,34.53253564584015
sniffing,16061,16090,29,67.83604278192261,31.12038671194444
stepping,16091,16128,37,124.28460972998678,36.19308868941513
walking,16129,16151,22,155.6959947832753,35.71154434085995
sniffing,16152,16200,48,52.128703113341444,35.98593305448766
walking,16201,16290,89,117.4619218791549,33.70291927794059
sniffing,16291,16305,14,31.062688421367252,31.06310193952038
left_turning,16306,16344,38,90.13774273221058,31.667297993921
sniffing,16345,16385,40,86.12262268146355,35.73759119005037
walking,16386,16399,13,141.97406333960976,31.48853407396229
trotting,16400,16424,24,274.58655993798914,29.848998771785183
stepping,16425,16448,23,61.7816365282625,30.421069692055568
sniffing,16449,16474,25,37.683715346320746,30.312651805519984
right_turning,16475,16491,16,77.32641140030623,33.44977901420424
walking,16492,16521,29,205.8334517659117,33.45092280990293
sniffing,16522,16531,9,85.02334220754923,34.93934902235166
climbing,16532,16585,53,35.89277350605181,59.331166572971135
rising,16586,16626,40,19.640344580305907,33.4856023308403
sniffing,16627,16629,2,71.98871784039396,34.28211537592794
right_turning,16630,16635,5,189.6115896366018,31.956192724014826
walking,16636,16663,27,177.7071611452884,27.411765346746048
sniffing,16664,16704,40,22.79756453488088,28.48725380791789
rising,16705,16718,13,42.67742353713519,37.947871891885974
climbing,16719,16746,27,46.5511017136614,49.631271087555255
sniffing,16747,16771,24,17.224819985735753,31.7841793088969
right_turning,16772,16790,18,75.16138119567076,31.865841558843044
walking,16791,16861,70,170.83071637266536,32.62876209391538
sniffing,16862,16887,25,37.47799357080153,33.00138367538676
walking,16888,16895,7,40.55890398970984,43.59044461435815
jumping,16896,16898,2,44.13215971560734,59.14144800568698
climbing,16899,16945,46,45.48526809034847,60.44987361658318
left_turning,16946,16953,7,156.79848586548655,36.725986199122175
rising,16954,16996,42,41.991665594502855,40.54103652579181
sniffing,16997,17046,49,19.96439529596643,40.924231042147724
left_turning,17047,17058,11,136.9967050093006,36.30272729133422
walking,17059,17095,36,169.21667944162527,35.06531917312994
sniffing,17096,17124,28,67.1400831746611,32.35193143898904
walking,17125,17151,26,165.0897514237374,33.67021412181125
rising,17152,17161,9,74.05734437113749,42.07437896421938
climbing,17162,17224,62,42.473601543587066,55.06580894095897
left_turning,17225,17236,11,111.63745757226025,37.306961387881245
sniffing,17237,17262,25,40.3098395779506,40.61750015479333
rising,17263,17287,24,65.59294010290164,37.30418517872124
hunching,17288,17303,15,62.430957427116425,44.017712358024944
climbing,17304,17328,24,77.65997736827855,47.3666433231321
walking,17329,17353,24,138.61654603804772,35.39849779411479
left_turning,17354,17399,45,92.83363843860974,33.37307038949633
sniffing,17400,17440,40,24.23520860477494,29.76463894996508
rising,17441,17460,19,24.02453309853579,34.10220958820225
climbing,17461,17496,35,50.57796591834861,52.839571311860716
sniffing,17497,17531,34,19.340819190737463,30.84522639964848
left_turning,17532,17548,16,106.66241376179083,34.76719073890228
walking,17549,17680,131,164.20812994446135,32.16885809243135
stepping,17681,17705,24,75.90108686406775,32.41976390979562
sniffing,17706,17887,181,25.68466296958385,30.90481191278008
climbing,17888,17934,46,26.456216293689224,49.481604373695404
rising,17935,17981,46,22.58621330149216,32.643994589677696
climbing,17982,18029,47,32.05832237341945,44.29534457063539
rising,18030,18051,21,17.212209852705143,36.96921631395823
sniffing,18052,18135,83,29.438798624511772,35.49177821205304
walking,18136,18163,27,116.47498999648282,41.8224115016181
left_turning,18164,18192,28,80.31435980889593,38.31767571905561
walking,18193,18206,13,153.83041051451187,34.57670411071125
rising,18207,18229,22,62.746452084978756,40.42933805832209
sniffing,18230,18241,11,75.40377297425248,31.006537235437737
climbing,18242,18313,71,28.285816260510618,50.37604885384165
grooming,18314,18373,59,38.49902356053841,39.82396875319258
sniffing,18374,18474,100,70.37004660848872,33.909859070385416
walking,18475,18536,61,169.18691619592454,36.955932518817384
rising,18537,18550,13,36.48941373802305,41.50618808751341
climbing,18551,18596,45,24.47658499956377,55.22321868020297
rising,18597,18607,10,40.125291148559235,37.415629687371876
left_turning,18608,18620,12,60.54117208020769,34.66902459566908
sniffing,18621,18743,122,60.462588703936056,36.82551213426327
walking,18744,18769,25,146.3863582497202,34.32237858356214
rising,18770,18782,12,83.46495546109794,33.51367169555443
walking,18783,18787,4,59.05656834510175,45.50471784721894
jumping,18788,18788,0,68.94408950340737,49.71749117369522
walking,18789,18789,0,68.94408950340737,50.99756151910943
jumping,18790,18790,0,68.94408950340737,54.7420198954634
climbing,18791,18848,57,30.462665000933267,55.80403949332853
rearing,18849,18860,11,46.76745410877416,41.93661517394612
left_turning,18861,18865,4,138.82420812759915,33.89914969612799
sniffing,18866,18968,102,64.73753192150811,34.45130696456075
walking,18969,18976,7,83.94653120953505,45.64673468458373
climbing,18977,19020,43,42.3242737116299,60.12411982801275
hunching,19021,19055,34,28.03129534972235,37.89893843703603
right_turning,19056,19061,5,201.2696871354941,37.189823371979706
rising,19062,19090,28,77.90913362730079,35.08832454207195
left_turning,19091,19106,15,65.11519597930459,30.514653717664658
sniffing,19107,19137,30,35.15820513868206,28.40206393413496
rising,19138,19149,11,41.16692037078015,38.337922030381804
climbing,19150,19195,45,49.6608886656491,55.64486538931819
left_turning,19196,19218,22,142.54218436444512,43.29340583643503
walking,19219,19252,33,138.65464681875642,35.35711267739265
sniffing,19253,19348,95,41.83110651511749,34.63909730216448
walking,19349,19387,38,213.8790126813729,28.46902771024028
left_turning,19388,19426,38,114.98742378767042,32.93003176652349
trotting,19427,19442,15,234.14086572908923,33.622566024132055
stepping,19443,19474,31,78.3984762787438,31.52566987139992
left_turning,19475,19504,29,126.69506592458508,28.251438869885998
sniffing,19505,19528,23,33.56571436276334,33.595579082138954
walking,19529,19600,71,183.44003311762614,31.705668143662088
sniffing,19601,19653,52,65.81701323226861,32.96247731138067
left_turning,19654,19689,35,87.7285621275713,31.140026948370387
stepping,19690,19721,31,78.17676905448991,30.1866245158144
walking,19722,19741,19,144.410145487563,28.397169912094217
sniffing,19742,19798,56,25.02314528069633,28.13226909904845
rising,19799,19822,23,30.532954118940193,36.6005799949018
climbing,19823,19865,42,36.7435630761142,45.46713976126316
sniffing,19866,19969,103,27.72608173275211,29.502998526995796
right_turning,19970,19988,18,56.73210007832483,31.094670041647174
stepping,19989,20015,26,57.965732403310085,34.97820103097381
left_turning,20016,20055,39,78.85688104895404,31.84129906335253
sniffing,20056,20110,54,37.632809252164876,31.420362623064946
left_turning,20111,20150,39,69.86827127403042,35.494995518576005
sniffing,20151,20208,57,27.335761682551556,33.80505457987714
walking,20209,20275,66,186.0038411901722,33.72688705637292
rearing,20276,20303,27,46.839310706887,44.21860144806124
climbing,20304,20337,33,42.879622155881385,53.27757686422065
sniffing,20338,20351,13,45.248699232296644,31.16719005252663
right_turning,20352,20357,5,179.8602685375681,27.950105114168792
left_turning,20358,20378,20,127.21589554137336,26.948729850457198
sniffing,20379,20439,60,28.168424219567648,27.853063011598188
walking,20440,20480,40,140.2633887106294,34.52245255862365
stepping,20481,20520,39,46.511438134016394,32.44940208985674
sniffing,20521,20631,110,51.349689048861585,31.6158611543719
rising,20632,20647,15,40.21490656375805,35.61649962322436
climbing,20648,20680,32,38.54830188522787,40.606193411441055
rising,20681,20724,43,20.307678905733418,39.65167638997294
sniffing,20725,20747,22,47.04523638319782,36.09103338090596
rising,20748,20813,65,54.4421283862082,36.206116059914976
sniffing,20814,20986,172,47.44854012819549,35.00406121207977
walking,20987,21004,17,126.25395904668888,31.498987571751154
rising,21005,21031,26,82.36869569027287,33.36916910393467
sniffing,21032,21073,41,54.540259659359926,31.495979865823433
walking,21074,21109,35,189.7813411127731,31.677950460096113
sniffing,21110,21131,21,44.4948381523128,33.82295478609318
rising,21132,21167,35,62.85736264037328,34.39654125906557
sniffing,21168,21239,71,55.313523875685455,34.89985125133574
stepping,21240,21256,16,87.88059527616865,34.09506103801468
rising,21257,21318,61,48.88809058434827,30.65348287247165
walking,21319,21325,6,118.33152574888244,29.996324458844793
sniffing,21326,21348,22,70.38674238423961,29.783296705858348
walking,21349,21377,28,135.57912774765492,28.98301408917545
sniffing,21378,21408,30,26.494461674090807,28.757416204591102
climbing,21409,21450,41,37.03538527241914,50.12271987243209
grooming,21451,21473,22,27.344295555057705,39.21321980294025
left_turning,21474,21482,8,151.92798756104392,37.45923596564013
sniffing,21483,21579,96,42.56943706207649,35.555898788954224
left_turning,21580,21625,45,106.01449843410856,30.99575032594976
walking,21626,21649,23,114.14658523246375,26.408053037027276
sniffing,21650,21763,113,21.519393138154275,26.27093686199207
rising,21764,21782,18,40.070082991606164,36.154300664245795
climbing,21783,21811,28,30.79789257583052,56.14368230534074
sniffing,21812,21870,58,19.033270502767916,29.073148335402784
rising,21871,21895,24,27.616601567369834,31.331387223122306
climbing,21896,21940,44,40.317656476442636,52.65846078822829
sniffing,21941,22013,72,29.117576085224922,30.219603948161183
climbing,22014,22051,37,60.69255120687553,49.085520211937045
walking,22052,22090,38,140.3217277176724,40.41339060950115
sniffing,22091,22121,30,95.18255431639044,39.87526994030184
walking,22122,22161,39,196.32618855263436,37.13522452843388
rising,22162,22196,34,63.33110429167121,37.92412223931847
climbing,22197,22229,32,50.85900397944312,45.10921631249384
left_turning,22230,22246,16,78.53972491852223,36.033225767714704
rising,22247,22272,25,104.57939085977355,39.93555562001495
walking,22273,22310,37,146.1602344422158,39.17798595606345
climbing,22311,22359,48,34.653738929116,43.639081364887105
walking,22360,22395,35,175.7803558217533,34.90817796986992
rising,22396,22409,13,57.840236461692086,43.35354336001133
climbing,22410,22424,14,75.24581820281915,45.74498976557361
stepping,22425,22460,35,100.15185983519542,33.45777225075007
sniffing,22461,22496,35,42.40461039944076,33.97777375671785
rising,22497,22503,6,86.26495198589589,47.61665299308108
climbing,22504,22542,38,50.77595130090923,56.3434114561935
left_turning,22543,22551,8,154.8952311023403,39.58074730014485
stepping,22552,22572,20,108.46486510032015,41.066015461169876
sniffing,22573,22603,30,15.13736774028072,39.79668975932606
rising,22604,22669,65,33.443210249894,39.18857137084978
walking,22670,22732,62,138.65150440355214,34.84143497319036
sniffing,22733,22838,105,52.14064156727652,32.31222691352038
rising,22839,22859,20,42.83667971418687,38.74397003374666
walking,22860,22867,7,78.03046249983561,30.803907097872486
sniffing,22868,22898,30,60.23453586774209,29.7581929563595
right_turning,22899,22918,19,74.4802370889441,33.970516075119484
walking,22919,22944,25,180.60683422655427,30.83188296805089
sniffing,22945,23002,57,39.698974353180255,35.06483014588944
walking,23003,23071,68,137.0963252180052,34.56466113684351
left_turning,23072,23112,40,92.89374481315305,30.934744558848045
rising,23113,23153,40,36.07992741135828,35.00916872402749
climbing,23154,23196,42,50.19285610341023,60.59123862820826
rising,23197,23202,5,71.24786065348356,40.6515010323692
sniffing,23203,23222,19,44.20826703538597,34.281785135316795
right_turning,23223,23231,8,207.60401724961372,35.05682296415478
walking,23232,23260,28,180.0091145191651,34.41472835573187
rising,23261,23282,21,71.68675797624293,38.01940864775356
walking,23283,23311,28,111.3531409515367,29.217787444591757
sniffing,23312,23459,147,45.74367495344037,30.806957000094286
walking,23460,23475,15,93.62669999601886,33.09595990926986
stepping,23476,23510,34,79.7774852990977,30.551299587336175
sniffing,23511,23597,86,37.049385136068345,29.171924670950496
stepping,23598,23627,29,61.49204564700526,32.000872518583584
walking,23628,23642,14,175.59507380732313,35.620031875480194
left_turning,23643,23733,90,112.07036377526792,31.932038234659217
sniffing,23734,23773,39,25.889543026568173,31.47835758608328
right_turning,23774,23779,5,200.94235286044383,34.09211001039089
walking,23780,23854,74,173.56186629693232,33.01321179785391
sniffing,23855,23926,71,30.743977437045526,26.4657613088842
climbing,23927,23952,25,65.12779506583458,51.80554319506807
sniffing,23953,23988,35,75.3421207744131,34.849534326187495
left_turning,23989,24070,81,75.54067186835225,38.082568546517535
walking,24071,24112,41,185.31542542165738,36.86894775486265
climbing,24113,24140,27,48.23994455124239,46.63477497961964
sniffing,24141,24193,52,21.347862172681555,31.457395586216258
left_turning,24194,24240,46,67.66973192304445,34.81417887843279
sniffing,24241,24405,164,32.095832293200985,36.1746244121916
left_turning,24406,24449,43,77.60823145550151,33.60757346862874
rising,24450,24486,36,79.10972838228973,40.95674609878849
walking,24487,24499,12,87.17904424644556,32.08739594631486
left_turning,24500,24523,23,74.85188149289132,28.9332733511029
sniffing,24524,24582,58,24.434106499155096,30.11322408463976
walking,24583,24690,107,135.7903064486224,35.85970906754379
jumping,24691,24691,0,65.23188129903365,53.75948432240728
climbing,24692,24727,35,49.07828370197788,58.973720989541434
sniffing,24728,24833,105,30.400928368846984,32.124994855926836
stepping,24834,24851,17,89.5672749670189,38.1138756611231
walking,24852,24879,27,215.46983448516434,35.15260970291526
left_turning,24880,24921,41,129.56307146871308,32.037322627011015
rising,24922,24933,11,31.813308715472917,38.44829152463753
climbing,24934,24988,54,34.56183528745528,58.0104310557559
sniffing,24989,25049,60,27.139751455277683,30.407346614247007
right_turning,25050,25067,17,120.50797548771986,33.14539854180194
trotting,25068,25103,35,230.03124141277982,33.40680663718885
sniffing,25104,25117,13,89.81719685583616,34.1174245309943
rearing,25118,25135,17,43.86824982690972,43.20718656011273
climbing,25136,25162,26,35.6499797444641,54.940281706152795
rising,25163,25207,44,67.88894050253026,35.25064112682255
sniffing,25208,25257,49,26.306080156407187,34.930338782126725
left_turning,25258,25289,31,68.450450969991,38.90318262287348
walking,25290,25351,61,135.17738405681695,33.43932036065231
sniffing,25352,25460,108,40.39057828303344,33.0849178353764
rising,25461,25585,124,13.780877372617281,41.33911562959116
rearing,25586,25633,47,15.914546016943921,44.29366165513802
rising,25634,25693,59,19.54008503188702,43.57481219668612
hunching,25694,25750,56,20.840134438579142,45.01393586726433
rearing,25751,25800,49,19.4962885952155,43.21388107601163
grooming,25801,26002,201,20.58226824018533,38.972106772410704
sniffing,26003,26061,58,17.67715446081021,40.51351965900845
rising,26062,26101,39,23.97173290834257,43.87089122802002
left_turning,26102,26108,6,132.2247976603085,39.254104309570316
walking,26109,26114,5,127.5361180792163,41.93457248865644
rising,26115,26137,22,48.14057749393045,44.39525871575709
sniffing,26138,26168,30,65.4406667467185,34.9526371859982
stepping,26169,26201,32,114.37164934436065,37.069528921448736
grooming,26202,26221,19,34.57754482168666,44.74689611594458
left_turning,26222,26233,11,97.3742239332188,30.81410776712673
rising,26234,26278,44,51.101726256606554,36.75549891227179
left_turning,26279,26309,30,111.7996463536178,40.035756367936756
rising,26310,26332,22,27.321317965770053,42.12710055894663
sniffing,26333,26473,140,49.60295489612662,35.373782207191454
right_turning,26474,26490,16,56.27908705878153,31.911051316556637
walking,26491,26511,20,145.56801846093046,30.205107681609228
sniffing,26512,26550,38,59.39054174520092,32.74989213401822
walking,26551,26572,21,114.58476092893422,32.74378407204605
left_turning,26573,26580,7,108.20139562528658,32.98746867053838
walking,26581,26607,26,120.34523715671364,38.13981784068052
climbing,26608,26690,82,34.93168786379722,50.351799063415115
rising,26691,26695,4,32.126733405550496,34.61949354286186
sniffing,26696,26713,17,59.130191394843145,36.4178573228079
walking,26714,26734,20,124.00029106887665,40.661467324876476
jumping,26735,26739,4,39.39466001928862,55.19023916281277
climbing,26740,26776,36,31.51699955268169,55.92995696797765
sniffing,26777,26821,44,24.096416989659243,36.81304389134953
left_turning,26822,26832,10,130.97712786029902,39.467448394072555
trotting,26833,26856,23,200.47657397946736,43.32173324140434
left_turning,26857,26891,34,113.50841815790574,38.5747868527202
sniffing,26892,27096,204,43.539766388878824,32.3338572945988
walking,27097,27114,17,103.84150362372199,29.36443082941477
sniffing,27115,27202,87,38.39647336931139,28.894739684902014
rearing,27203,27216,13,28.92362575765522,36.5592996483747
climbing,27217,27259,42,38.587878104087814,57.93408781494115
right_turning,27260,27269,9,132.93626584810366,34.64216970055868
walking,27270,27317,47,162.6990660661448,37.15204041076901
left_turning,27318,27394,76,103.2300003106441,32.16054160565532
sniffing,27395,27421,26,27.59640117497762,32.545578783360824
climbing,27422,27469,47,47.52838077224613,47.757358557989996
sniffing,27470,27504,34,36.40868741760635,33.39008842950649
rising,27505,27506,1,88.85583268682038,38.21593774094479
right_turning,27507,27517,10,170.05958235506594,32.593215463885926
walking,27518,27576,58,196.8201759254363,29.58291325791817
sniffing,27577,27608,31,28.44350581833082,32.942771333976545
rearing,27609,27618,9,40.42796723003504,37.31610349730257
climbing,27619,27647,28,59.492171787245,50.87310811724639
left_turning,27648,27685,37,89.74298668436059,35.87216654060294
walking,27686,27702,16,74.98951097051113,32.49478949433559
right_turning,27703,27722,19,67.95946229323123,31.99045669702598
walking,27723,27749,26,133.93452291823772,26.756947962590132
sniffing,27750,27822,72,28.96576807982755,32.72315509242036
right_turning,27823,27844,21,56.926737504473905,31.049149658021236
walking,27845,27865,20,95.11207718132857,31.827284023245404
sniffing,27866,28026,160,23.11987456478764,34.498615713179966
left_turning,28027,28076,49,120.24524037550782,32.52665413499916
walking,28077,28100,23,157.30789488930282,29.41191141959639
sniffing,28101,28122,21,37.08913800132337,33.229343522485145
walking,28123,28173,50,162.5605786913392,31.69750823009922
sniffing,28174,28184,10,39.7872609988306,33.93884277438607
climbing,28185,28223,38,55.46648119833824,49.29462691021844
sniffing,28224,28259,35,42.47757091176608,32.05449780270357
walking,28260,28303,43,158.9915957966671,34.384274446018715
climbing,28304,28319,15,67.07189197994754,49.20907048328563
sniffing,28320,28349,29,34.6421404556272,34.91332597581287
left_turning,28350,28382,32,93.62442653282076,34.995597790964766
walking,28383,28405,22,148.5904048529312,35.112104034364044
rising,28406,28415,9,48.99289452947229,39.641535885370935
climbing,28416,28453,37,37.06886644402616,59.896203809134946
walking,28454,28490,36,140.785214938819,35.28939326593161
sniffing,28491,28580,89,20.864187026513562,28.943236364723926
rising,28581,28601,20,31.001548300398674,35.31606447566944
climbing,28602,28630,28,49.43568717472369,59.551737878067726
rearing,28631,28640,9,74.29536510320091,39.56915443658654
left_turning,28641,28646,5,184.75867403907526,39.571099232312264
walking,28647,28672,25,216.12293351694336,36.23254525435541
left_turning,28673,28705,32,109.6440711040259,36.0838222515068
walking,28706,28730,24,179.3164389161177,35.64000656819414
sniffing,28731,28765,34,82.42606982025337,34.97079089182973
walking,28766,28793,27,151.075996150691,31.183394851395093
right_turning,28794,28822,28,72.37890239267612,33.04779776500447
left_turning,28823,28865,42,116.57712352150386,32.76894555923694
walking,28866,28895,29,153.30141185392122,29.275660218048962
sniffing,28896,28905,9,42.707576646434816,34.82851328069135
walking,28906,29000,94,97.35056493153371,34.032067323396724
left_turning,29001,29031,30,123.0754484004294,33.13388920513407
sniffing,29032,29047,15,105.83712886453709,37.18719917452368
left_turning,29048,29119,71,100.5352589146391,31.961597170534688
walking,29120,29161,41,168.62292460972998,31.54907698744866
left_turning,29162,29192,30,123.68651694487147,32.86484726658492
trotting,29193,29215,22,216.15655714986227,32.43732573183721
left_turning,29216,29251,35,99.4013082870995,31.07212478152104
sniffing,29252,29324,72,31.186423790097265,28.652784981011866
left_turning,29325,29338,13,111.90336413900921,34.79887754097127
walking,29339,29369,30,168.72452830717833,34.14984385044224
right_turning,29370,29396,26,73.02471984502765,31.123556636901615
rising,29397,29408,11,44.680359465075774,37.54385382680063
climbing,29409,29446,37,45.98180165441058,56.0739302099725
sniffing,29447,29491,44,27.431639019893225,31.617579554236407
walking,29492,29515,23,178.68017100410285,31.440618816733508
climbing,29516,29563,47,48.960103892715445,58.1296645401817
rising,29564,29580,16,68.86706101680751,37.27403960152511
climbing,29581,29631,50,41.048559340726264,57.20601961616321
sniffing,29632,29658,26,21.26165120745057,34.2078076471133
right_turning,29659,29666,7,161.71779150314777,33.67595507066948
walking,29667,29726,59,208.02627405743436,32.71080453986135
sniffing,29727,29735,8,31.51340238299677,32.46076257454625
rising,29736,29771,35,22.81435718465591,34.25371240569731
sniffing,29772,29816,44,23.94344948433116,30.653689358417196
rising,29817,29847,30,72.19689459449305,39.64378800171267
walking,29848,29890,42,186.04060379646762,39.17855275737002
rearing,29891,29928,37,27.821109839110598,45.576871142987464
rising,29929,29936,7,50.77705991674854,31.660790283442545
walking,29937,29960,23,125.26650827804595,32.05793482485737
climbing,29961,30056,95,48.53770870835289,50.986482051726625
left_turning,30057,30106,49,130.49284711817683,37.87337418419176
sniffing,30107,30174,67,36.12554756559944,36.22679651129916
stepping,30175,30190,15,70.4529078122402,33.86532488975288
walking,30191,30218,27,117.87179065853445,31.253135491026065
sniffing,30219,30257,38,27.851412159850888,31.43313356664342
right_turning,30258,30270,12,82.06646312548808,31.11002558416748
sniffing,30271,30307,36,57.572366836886516,31.654033742069636
walking,30308,30342,34,127.50088364646665,34.144786543958496
sniffing,30343,30355,12,53.77297320512036,38.45391054258191
walking,30356,30372,16,137.0535829632229,28.67165538200198
sniffing,30373,30415,42,33.61354631283652,28.234490353888543
rising,30416,30432,16,39.13997386268038,37.084716594734516
climbing,30433,30512,79,39.008912422238836,51.094058644395396
right_turning,30513,30518,5,46.88380463130597,34.091110025374554
sniffing,30519,30577,58,18.43356416377878,36.96525989869552
walking,30578,30588,10,98.08111225228281,39.985844795236886
climbing,30589,30616,27,61.41658145784762,52.09795513214967
left_turning,30617,30643,26,96.35729350349084,34.771661980145346
trotting,30644,30689,45,256.0550384972952,35.57037432048716
sniffing,30690,30817,127,35.07455357128276,32.41688238546401
climbing,30818,30863,45,76.70704420313281,52.33643846143648
walking,30864,30905,41,112.21757470146854,36.46063980549353
stepping,30906,30959,53,64.1696544692333,33.79151000222142
walking,30960,31056,96,100.06848200452777,31.234898475611864
sniffing,31057,31098,41,24.35469350701091,29.96690574547264
left_turning,31099,31112,13,124.38099532486684,32.887514082324444
sniffing,31113,31141,28,75.44628884226209,31.445391918708886
walking,31142,31186,44,120.25224310008056,33.18339900129102
sniffing,31187,31245,58,16.95322556584171,33.64157709861883
walking,31246,31293,47,162.62140719000766,35.43186404114795
stepping,31294,31329,35,105.71650101354754,31.317369579817687
rising,31330,31339,9,61.6552492574865,42.55703360781391
climbing,31340,31358,18,55.90993113219025,49.713351673008
sniffing,31359,31417,58,38.744863757543904,29.628119447299113
walking,31418,31420,2,82.61988996624535,39.180697610128774
rising,31421,31431,10,95.41177751729555,37.55430650530069
left_turning,31432,31447,15,117.97073668871494,29.259139018025813
walking,31448,31463,15,165.517732423465,31.879883395953556
sniffing,31464,31503,39,37.81148904575461,33.61532162720016
walking,31504,31535,31,150.81984523576762,28.34387696983084
sniffing,31536,31571,35,62.683173767199236,27.169837185260004
grooming,31572,31593,21,57.921730711054735,34.99036280111821
left_turning,31594,31606,12,99.9200751995029,34.54692690328853
sniffing,31607,31647,40,65.13332972182718,34.2165104294266
walking,31648,31692,44,122.90475030133338,37.230173555578865
sniffing,31693,31710,17,24.315688790616036,40.18846935533727
grooming,31711,31760,49,31.456334042806123,35.56517509789687
sniffing,31761,31816,55,85.29896776753569,31.65173193070831
stepping,31817,31831,14,96.63454299331026,29.776594441830312
left_turning,31832,31866,34,99.0613328809756,31.454150202358715
trotting,31867,31897,30,236.5810113117343,28.710405523227646
sniffing,31898,31907,9,35.24670812383019,31.95403906659709
left_turning,31908,32011,103,112.42680596324607,31.769005897143337
sniffing,32012,32110,98,51.91609631512323,34.47600948524612
stepping,32111,32192,81,112.06455442732837,33.7436111817682
sniffing,32193,32215,22,36.28914685273288,31.791727547808726
right_turning,32216,32224,8,141.70598939062526,30.62915348549281
left_turning,32225,32261,36,131.1467663911845,34.898648270319015
walking,32262,32314,52,134.00915004530574,30.91245684931742
rising,32315,32353,38,38.69677729746632,34.202413941262144
sniffing,32354,32390,36,38.80309815015842,30.427090207157537
climbing,32391,32409,18,61.892767934958066,40.99555521541957
sniffing,32410,32437,27,32.37316211516981,32.128001424622795
right_turning,32438,32455,17,78.7691821793761,34.387596713689355
trotting,32456,32477,21,244.60158765527422,35.17454080498191
walking,32478,32506,28,214.0467681502603,31.983086071790254
sniffing,32507,32526,19,39.66148582685664,35.01634514011447
climbing,32527,32565,38,54.63930750959793,53.6479059156645
left_turning,32566,32574,8,159.00242852332886,40.84115525525976
trotting,32575,32607,32,235.7099630192576,35.28256867290334
left_turning,32608,32649,41,110.94343057395187,33.081215058769914
rising,32650,32669,19,36.35814429842012,34.72074050463961
climbing,32670,32702,32,50.95076540798071,53.44167673282311
rising,32703,32735,32,31.76903525224585,31.83273181454451
climbing,32736,32777,41,65.54871168898927,57.29046298855411
trotting,32778,32785,7,215.59988078261523,38.25381594010386
walking,32786,32812,26,174.5545005939013,38.60131681065574
rising,32813,32850,37,39.06281859519188,43.95896807679783
walking,32851,32876,25,223.49237639359984,36.422851678703644
rising,32877,32887,10,72.53895937585293,45.082256435279184
climbing,32888,32908,20,77.30983338659887,51.50500562721928
left_turning,32909,32937,28,120.83943762326619,42.69129103500177
walking,32938,32967,29,217.19823792808495,43.5322177648323
rearing,32968,32988,20,35.15162371649093,49.459497368577125
rising,32989,32990,1,80.19078819267541,42.096521317251586
sniffing,32991,33028,37,54.90633637947258,36.44087891821442
walking,33029,33043,14,216.54689473650987,37.204879178784296
trotting,33044,33062,18,235.12348526866649,34.394768193487415
sniffing,33063,33088,25,28.164639619242813,33.14558117374462
right_turning,33089,33117,28,53.163773539231244,31.477930860051703
stepping,33118,33127,9,92.66995014374899,33.81339797212168
rising,33128,33149,21,78.98871314619447,37.78452928366209
climbing,33150,33176,26,68.32190331936552,53.1924833659867
left_turning,33177,33211,34,113.14044408170578,35.44334857162612
sniffing,33212,33250,38,34.47494885641064,36.93668143631861
walking,33251,33331,80,177.69728923772607,36.23980994081906
rearing,33332,33351,19,40.96475511654825,43.160515279242496
climbing,33352,33395,43,45.3211217479766,59.48923089611781
rearing,33396,33422,26,28.24990281886221,37.99886141848
sniffing,33423,33478,55,27.669337529296183,37.54997994251176
walking,33479,33513,34,157.74276109190566,37.02656517923644
stepping,33514,33532,18,91.53187297678276,40.609729011596656
sniffing,33533,33571,38,66.64155840944414,34.33688635600634
walking,33572,33609,37,112.59381108740654,32.14338919397397
sniffing,33610,33648,38,26.392817525167974,33.779168260593174
climbing,33649,33667,18,60.02496147386071,51.53459450983742
trotting,33668,33672,4,145.81450080629995,33.87324930435932
left_turning,33673,33688,15,80.36725503473588,30.94929952947357
sniffing,33689,33787,98,36.36794492082244,32.802028614524204
right_turning,33788,33804,16,89.51858830706725,33.865707153446074
walking,33805,33881,76,168.74442641159646,33.49202901841301
sniffing,33882,34092,210,51.25414099216546,32.21925136549683
walking,34093,34103,10,172.55250517263127,30.361683982320514
sniffing,34104,34123,19,41.0407827597669,30.678475242569696
rising,34124,34138,14,27.537527099264427,34.05907162004685
climbing,34139,34192,53,45.60589825006044,57.6059872046544
sniffing,34193,34198,5,73.60683734651975,33.61968716455557
rising,34199,34213,14,59.53800306749005,35.227922051966154
stepping,34214,34221,7,128.90355249072806,39.46316932969497
trotting,34222,34262,40,270.28241431691424,36.21266087372309
walking,34263,34271,8,68.23321303451301,42.46509026389691
jumping,34272,34273,1,55.7583194311322,56.31339225163228
climbing,34274,34326,52,44.561164214981424,59.877967729590466
rearing,34327,34333,6,65.90241542740753,40.50919399874313
left_turning,34334,34351,17,87.10940636877962,37.11752316520456
walking,34352,34361,9,147.3647052497642,36.260724277967945
rising,34362,34397,35,89.42525099461673,40.19751790215522
walking,34398,34412,14,170.3458567185694,34.368669012229795
hunching,34413,34426,13,46.284412691789136,43.89022998330942
climbing,34427,34469,42,52.63383261987352,55.61055447634011
right_turning,34470,34476,6,173.47066635785148,33.22154390758449
walking,34477,34515,38,210.22657690426297,33.114126530582034
rising,34516,34525,9,45.8777919773117,36.91690529384492
climbing,34526,34546,20,39.20952361315235,55.94102200436104
jumping,34547,34550,3,68.5679580441807,98.43703102308604
climbing,34551,34601,50,41.66562598788394,54.84037077219962
jumping,34602,34607,5,113.04293674942384,115.07397877438929
climbing,34608,34636,28,48.931212175058214,40.05183676489001
left_turning,34637,34649,12,108.41313978122591,41.39448645531146
sniffing,34650,34691,41,35.78513058932779,45.487793288394364
trotting,34692,34729,37,231.38397592654283,38.46091560657079
walking,34730,34750,20,153.2436051793671,32.03199082675395
rising,34751,34775,24,39.36930225349178,37.354882164839175
sniffing,34776,34820,44,49.74270758334033,34.12882128361794
left_turning,34821,34838,17,123.26283541085405,36.005421705305196
sniffing,34839,34865,26,68.67102973098051,39.19396624743754
left_turning,34866,34886,20,142.5462299423744,36.21609095579424
rising,34887,34956,69,43.39500074351938,38.26690441664291
sniffing,34957,34982,25,56.78169715362714,31.40423073316458
left_turning,34983,35020,37,113.63604085596506,34.32450343735638
rising,35021,35071,50,88.10841704038576,34.64895567523047
sniffing,35072,35091,19,94.27391550433926,32.31356068456708
rising,35092,35107,15,45.911611387615594,38.6971854894998
rearing,35108,35118,10,39.5099452216084,41.37602510916067
sniffing,35119,35135,16,41.00690796531182,33.065940634397435
left_turning,35136,35211,75,65.1608330629731,35.54907491184419
sniffing,35212,35276,64,31.952076138940928,34.05580930028816
stepping,35277,35299,22,94.01038487815792,29.244922665084335
sniffing,35300,35423,123,29.26425334359008,33.557849086180916
walking,35424,35436,12,221.83586926349224,43.54057263198835
rising,35437,35488,51,73.88083189022365,42.81397245952368
climbing,35489,35562,73,45.82962922844079,44.78844638769176
stepping,35563,35576,13,84.76496718453677,34.99483421810477
walking,35577,35602,25,158.33439943732446,35.091776348564764
rising,35603,35610,7,61.22920271913942,45.41153413401062
climbing,35611,35638,27,38.40699694519137,51.85511180436681
right_turning,35639,35660,21,105.27384752681354,35.32640616701033
trotting,35661,35674,13,200.91359032861723,36.30730555910151
climbing,35675,35728,53,44.90498567445279,48.969456839677
rising,35729,35856,127,23.594832694705552,36.86653574786568
left_turning,35857,35869,12,82.60437473339712,37.779890755184155
walking,35870,35953,83,171.6779679248623,33.88701358077591
sniffing,35954,36017,63,32.80651962331619,31.48440523790467
rearing,36018,36036,18,48.71546800854482,43.42473477475296
left_turning,36037,36047,10,111.29225776313379,34.519031644615104
sniffing,36048,36094,46,66.45544230161522,35.28812768795643
walking,36095,36129,34,134.81048776442174,29.309430529924885
right_turning,36130,36165,35,42.02491943470867,32.69614671912538
climbing,36166,36204,38,56.845996310944734,54.15816442500551
rising,36205,36209,4,57.216925743425485,41.10607830193239
right_turning,36210,36224,14,100.2162305228973,32.26315835099205
walking,36225,36269,44,130.07883209102863,32.875910075397826
stepping,36270,36346,76,118.00057072880718,40.755513917303745
walking,36347,36386,39,159.55860901430506,35.92209025814795
climbing,36387,36401,14,39.31827061251251,46.83005677922568
rearing,36402,36447,45,58.82847226848516,38.58629709045763
rising,36448,36460,12,109.96844538705899,40.08672821466144
rearing,36461,36476,15,50.751800991631725,44.32526529020922
left_turning,36477,36512,35,117.18403998597852,39.567716028016946
sniffing,36513,36557,44,81.92798142662005,34.46021991331607
right_turning,36558,36571,13,144.39214426018484,35.46263417358769
walking,36572,36594,22,160.7401254759618,36.77419920701505
climbing,36595,36633,38,54.07895421331616,56.31353561578972
sniffing,36634,36643,9,39.87622171261198,36.3515767029006
left_turning,36644,36654,10,136.7491159227618,32.87053892618582
walking,36655,36688,33,114.07439823968718,38.80489406743952
rising,36689,36729,40,67.52012099121549,32.43520954957628
climbing,36730,36782,52,61.903514450911025,55.09268373099875
rearing,36783,36790,7,59.816788613976065,38.69686925149227
rising,36791,36877,86,16.40535792149141,38.52359270072849
sniffing,36878,36940,62,42.490454164209254,31.002872688948365
rising,36941,36952,11,48.348339721769435,33.78288049811093
right_turning,36953,36961,8,139.97111093770576,35.02242022729674
walking,36962,37020,58,186.21172890215755,33.93965482208318
sniffing,37021,37102,81,41.14750694903962,27.591977825769636
climbing,37103,37138,35,43.81658594522822,38.824928164820314
rising,37139,37158,19,34.059538371472684,35.528933898305084
sniffing,37159,37205,46,40.38253786797598,30.56980396286935
left_turning,37206,37230,24,140.6055520943954,36.26785131311717
sniffing,37231,37281,50,63.750392618744904,38.57783087894153
rising,37282,37304,22,33.23059601701261,40.39430691047446
sniffing,37305,37317,12,21.908433000210987,34.01388117806222
rising,37318,37364,46,14.892344401715409,36.20237843605442
stepping,37365,37383,18,85.748901615975,34.44380766150395
left_turning,37384,37420,36,106.03416283321582,32.34264856159115
walking,37421,37449,28,194.16564619855188,33.89416226232635
sniffing,37450,37484,34,90.74798624460192,32.28993081125018
walking,37485,37515,30,116.50860437244435,38.18155899851069
rearing,37516,37547,31,35.6069263482472,42.240041796674625
sniffing,37548,37571,23,73.8825672461425,33.36956100634223
stepping,37572,37608,36,84.79848555500845,32.07769100902454
sniffing,37609,37841,232,33.23157778256647,33.07699367145028
rising,37842,38055,213,28.946321041391005,39.51669867662098
hunching,38056,38115,59,22.895989523861033,40.548598487525204
grooming,38116,38210,94,27.813428060851336,40.98055203996328
rearing,38211,38221,10,34.462981321797585,41.509061562181564
climbing,38222,38236,14,27.48542762270914,42.77731628310059
rearing,38237,38271,34,39.93845475620384,41.012462662005
grooming,38272,38386,114,29.724294457919946,39.37256650934831
rearing,38387,38446,59,27.014260377793395,43.40056982078616
grooming,38447,38636,189,22.2921668329087,39.00064549041719
rearing,38637,38664,27,35.62733974678612,42.29499004475715
sniffing,38665,38684,19,18.69136275951776,38.24434953553049
grooming,38685,38715,30,27.68577110785392,42.92409407716367
sniffing,38716,38787,71,28.003518200023528,36.541865138477405
walking,38788,38791,3,66.5203758126696,41.127424115235144
rearing,38792,38808,16,21.665662011373488,40.97320366968319
sniffing,38809,38827,18,21.863110796564772,32.245320908441165
left_turning,38828,38848,20,60.25109097247554,29.83877809633662
rising,38849,38899,50,26.606780120585878,32.26706734033715
sniffing,38900,38943,43,29.872032652637316,29.254773986047976
right_turning,38944,38960,16,63.450247138031195,30.085712185175307
rising,38961,38983,22,33.423681256519664,37.4243840543436
sniffing,38984,39003,19,35.16179435738173,32.46456938223488
left_turning,39004,39039,35,100.35203676364219,30.87098807978177
stepping,39040,39058,18,87.51588731006427,31.13095709862427
sniffing,39059,39096,37,45.07585127093548,32.62622207788106
right_turning,39097,39131,34,73.7633766810131,33.6541289664981
walking,39132,39181,49,90.79028486805521,36.19630554019233
climbing,39182,39294,112,31.60682743454266,53.42260267694716
sniffing,39295,39308,13,60.89282669620087,36.2732660140794
rising,39309,39359,50,17.81211625919657,36.830200383612926
sniffing,39360,39399,39,58.292722683567035,34.051846378941725
rising,39400,39437,37,57.60013259775366,34.962101566042
climbing,39438,39493,55,29.846015170772763,42.56477309430222
rising,39494,39517,23,45.642399934372854,39.541365709300486
climbing,39518,39561,43,47.53133255095267,54.81159130135334
right_turning,39562,39584,22,69.51755034101998,32.2733627997778
sniffing,39585,39641,56,68.11790046273055,35.47754845045634
walking,39642,39683,41,121.60175173137452,33.43585644183819
trotting,39684,39708,24,236.42843796852364,30.493812394774412
rising,39709,39731,22,48.23949612416838,31.89951814548951
sniffing,39732,39763,31,54.99714460526731,34.73866758293218
walking,39764,39796,32,193.26490664691775,34.5257885129423
left_turning,39797,39879,82,112.29469304655929,28.29827939937201
sniffing,39880,39958,78,23.188734070220615,28.669589387467028
right_turning,39959,40014,55,58.650513970184,30.812814653858403
sniffing,40015,40031,16,43.732991948291975,31.665587410275936
walking,40032,40060,28,157.21191187221837,33.284501245249814
rising,40061,40113,52,66.28322310537303,40.01882786365909
walking,40114,40128,14,99.16698785598237,40.06521667989452
climbing,40129,40146,17,28.09464234048804,47.03505781245698
rising,40147,40185,38,20.901003547747642,37.61704638321794
sniffing,40186,40198,12,57.10464406776021,36.60208227553808
rising,40199,40209,10,60.730884091654794,40.187952311647514
climbing,40210,40234,24,36.0005861788746,46.26297176344501
rising,40235,40302,67,47.03305617539605,38.60251221688453
sniffing,40303,40464,161,39.77543886994472,33.7795434753886
walking,40465,40505,40,137.071571150522,32.5748281340742
sniffing,40506,40540,34,92.47096280804266,34.09469878430191
walking,40541,40572,31,90.41034311675534,35.02846075635229
sniffing,40573,40584,11,21.62614766421758,33.096007085764974
rising,40585,40621,36,70.37468276719358,34.31050356288777
sniffing,40622,40699,77,20.832636583911885,34.23717279400586
stepping,40700,40737,37,97.47763314468818,37.17995918605693
sniffing,40738,40804,66,30.037298142842705,33.462840372598166
rising,40805,40876,71,49.08982055242279,34.440696516492665
climbing,40877,40958,81,24.23171217031702,47.66995773132192
sniffing,40959,41036,77,28.803604721338626,29.95272544247221
climbing,41037,41082,45,37.96610680986918,40.55826142146147
sniffing,41083,41127,44,42.421714523292,31.458777843236366
rising,41128,41141,13,37.502103939720165,33.75141832060256
climbing,41142,41164,22,50.62065282989188,39.37133470444762
right_turning,41165,41174,9,74.6526037092909,29.363846719700707
left_turning,41175,41212,37,112.02539220520664,30.42012388614568
trotting,41213,41239,26,216.50561057378326,27.864126232320796
sniffing,41240,41278,38,63.25843507106939,29.828211198587116
rearing,41279,41312,33,35.367281178884305,44.838786953128775
climbing,41313,41356,43,41.72461133608112,54.74962456223228
left_turning,41357,41398,41,77.227637532,37.69818721494449
walking,41399,41428,29,155.22060188738942,37.1704056183613
left_turning,41429,41484,55,52.54909836855505,32.64590854433453
climbing,41485,41516,31,45.87822308620912,45.917627744174524
left_turning,41517,41531,14,97.91580075756363,33.76737573786304
walking,41532,41543,11,187.427060505228,36.317376761973584
sniffing,41544,41575,31,25.360186498114473,32.21000443777188
rising,41576,41607,31,49.349818461132855,35.93510377919027
sniffing,41608,41667,59,13.085292678115868,36.02398587738286
stepping,41668,41699,31,85.80538838479387,30.227918771113828
sniffing,41700,41736,36,55.69002183698406,31.922003716899816
walking,41737,41784,47,227.96915707428502,32.60584595325315
rising,41785,41793,8,106.46356868984944,39.071038480463926
climbing,41794,41814,20,71.64793726173984,50.2849595099298
left_turning,41815,41820,5,82.80775872583591,34.39712207123488
sniffing,41821,41831,10,33.01912117184344,32.19890378937382
climbing,41832,41872,40,53.51805755484516,53.9533931969541
left_turning,41873,41899,26,115.41459676400551,42.91031821254688
walking,41900,41923,23,127.16201520341939,41.65512929890684
climbing,41924,41954,30,37.01471390796687,43.083787920128714
sniffing,41955,42033,78,26.067806243324625,34.189046403180946
climbing,42034,42058,24,30.25365475306357,42.88704766488228
right_turning,42059,42112,53,77.04984858647146,33.247776203181765
trotting,42113,42137,24,247.69676260162916,40.13757621296249
walking,42138,42175,37,127.51671412255207,30.87007216990573
sniffing,42176,42224,48,99.04810298223285,28.18641599337021
rising,42225,42250,25,23.176537725259166,33.692545932614166
climbing,42251,42303,52,51.658573603731504,52.53691494739574
sniffing,42304,42310,6,69.68660763384942,36.11835747433303
left_turning,42311,42390,79,102.70977624683118,34.64879024162083
sniffing,42391,42496,105,28.425815350393066,32.88239605051583
rising,42497,42525,28,39.81608179102919,34.68831871528182
sniffing,42526,42551,25,19.951205116857636,32.83497935559025
right_turning,42552,42562,10,89.79695460114013,31.87357596067086
walking,42563,42611,48,117.75324559841079,31.017983063863877
left_turning,42612,42635,23,121.99242731191758,28.743462609055086
walking,42636,42665,29,135.7554830400577,30.61345271019663
sniffing,42666,42704,38,32.177969069785334,29.412744760581592
left_turning,42705,42721,16,94.01055042760417,33.45720716463046
walking,42722,42726,4,164.4427590484309,34.014043862386444
right_turning,42727,42762,35,52.854067310750544,30.53404240974323
left_turning,42763,42808,45,146.21704093085108,31.539197714753595
walking,42809,42842,33,112.74442014054702,27.5923399422558
sniffing,42843,42961,118,23.627041594651505,28.955341775816983
rising,42962,42967,5,36.24818350583309,33.00381651225765
climbing,42968,43012,44,38.680836672293694,56.714974617502676
hunching,43013,43024,11,19.759612622202194,38.58281996195915
rising,43025,43054,29,25.303912191537222,30.865711643618123
climbing,43055,43091,36,35.529828584116494,38.5785881994746
rising,43092,43134,42,24.14256015777583,30.03065397274647
sniffing,43135,43203,68,41.36644800430714,30.31089520583107
walking,43204,43287,83,134.1197027658881,37.63786701374639
sniffing,43288,43355,67,50.78344374660075,38.442997498561695
walking,43356,43392,36,156.71344625518014,38.68740469671996
climbing,43393,43434,41,29.63903898819156,44.17245763205554
sniffing,43435,43518,83,39.24909057816412,35.467320299626024
left_turning,43519,43529,10,120.70742214658644,40.499862687481865
climbing,43530,43552,22,34.00814033880246,45.58869183249999
sniffing,43553,43626,73,17.76569386230987,36.33317670399431
stepping,43627,43649,22,97.40847943544459,31.23990861688656
sniffing,43650,43714,64,82.86291211114283,29.573010493598577
right_turning,43715,43746,31,63.7578225632776,34.064542374192634
left_turning,43747,43785,38,96.82118365225432,32.71636906946848
rising,43786,43802,16,42.79872516483152,37.07457096185226
rearing,43803,43846,43,33.4083053781263,38.65482324846738
walking,43847,43895,48,171.46128602452808,34.335953250517434
climbing,43896,43925,29,64.06754417319601,53.741384019436936
walking,43926,43932,6,76.89418651566962,34.83904583616888
sniffing,43933,43963,30,49.005436397379164,28.877534148938704
left_turning,43964,44005,41,92.31474731913264,31.927852898510658
trotting,44006,44043,37,232.62718376349983,29.53630405164755
sniffing,44044,44136,92,15.864387488088225,31.363143746306122
walking,44137,44154,17,61.992804047661735,34.84799923951013
sniffing,44155,44234,79,71.89263450464384,34.96935570532959
rising,44235,44263,28,41.864342612215,28.405210454808465
sniffing,44264,44282,18,19.270431169305756,28.16258975417355
left_turning,44283,44318,35,125.84758426535713,29.68335372334583
rising,44319,44359,40,60.071295890878865,28.23883175781098
climbing,44360,44397,37,49.73963225300548,54.32557866303492
rising,44398,44404,6,133.87354329625256,33.61213195776665
walking,44405,44551,146,139.09894650975153,33.588614397155474
sniffing,44552,44572,20,58.37690640260753,31.577987053609128
left_turning,44573,44603,30,126.01823155844302,31.386998648700466
sniffing,44604,44644,40,28.26833134788186,32.25536300141027
rising,44645,44659,14,44.10404174644488,35.20083458646817
climbing,44660,44688,28,42.7622885091769,51.33362035083215
rising,44689,44702,13,30.099623859136756,36.76746029770056
left_turning,44703,44718,15,74.75507243822454,32.20868274506587
walking,44719,44763,44,137.13523457731372,32.650455231405104
sniffing,44764,44794,30,36.07661108199554,33.14743349715657
walking,44795,44809,14,97.8199867056243,32.45439552355905
sniffing,44810,44851,41,29.88303314412608,30.423421232441488
rearing,44852,44876,24,45.2338706573634,43.24771498283875
climbing,44877,44921,44,50.70307380981847,58.151108915604595
right_turning,44922,44941,19,131.91978370130101,39.94979584822846
walking,44942,44999,57,76.58449990450069,34.77389997795255
sniffing,45000,45045,45,59.190409781943266,32.60999142386663
walking,45046,45058,12,86.68697284648191,38.611693583973825
rearing,45059,45075,16,48.27489578890135,43.354174228612024
right_turning,45076,45123,47,72.61124705815372,32.437814680477445
sniffing,45124,45171,47,116.1287964070368,32.19949631592076
left_turning,45172,45248,76,104.25153287026153,30.01792487805244
walking,45249,45284,35,144.08000738989494,31.18893194654518
sniffing,45285,45320,35,74.66592226387871,30.97569180113683
walking,45321,45395,74,158.77782366422892,32.49433973386601
left_turning,45396,45482,86,105.82056588090616,32.31443440712455
walking,45483,45525,42,95.61582286756585,30.98179918214873
sniffing,45526,45659,133,29.07075639043115,30.405737820378082
left_turning,45660,45679,19,97.06992837712734,35.266264628585645
right_turning,45680,45707,27,71.13029044761583,30.801283361414907
sniffing,45708,45739,31,68.54419520997058,29.346317893880133
rising,45740,45764,24,17.77342718019551,31.12071482586243
climbing,45765,45852,87,46.14814705883256,55.118929428002964
walking,45853,45879,26,158.45758745469496,41.776650907210765
rising,45880,45918,38,48.18091210227338,39.06339662089271
walking,45919,45997,78,168.04153708337793,35.60733647768224
sniffing,45998,46043,45,46.260364340579315,32.11238955967811
walking,46044,46073,29,192.12806058578943,38.658084829463895
climbing,46074,46103,29,50.5197868837472,55.45833257854328
rising,46104,46114,10,74.58036201245649,34.178765853537975
sniffing,46115,46255,140,36.57129535177683,36.75345643032604
walking,46256,46299,43,164.59983210915615,38.952165475595116
sniffing,46300,46329,29,85.60741016977799,36.58957506452667
rising,46330,46344,14,47.25721833329613,40.68770323207601
walking,46345,46396,51,185.36362003107226,34.40589412820273
left_turning,46397,46492,95,112.84210362445793,34.08390980489461
sniffing,46493,46527,34,61.305052559226574,33.73543175100823
climbing,46528,46557,29,66.7849682819856,54.1746966617412
walking,46558,46562,4,110.89103377784488,38.87132613417519
left_turning,46563,46594,31,112.64062453313673,29.16653130068684
sniffing,46595,46607,12,30.067775224696828,33.821881840928924
right_turning,46608,46628,20,61.08306598051325,33.76555821533234
walking,46629,46689,60,201.46376746984626,31.065635839568312
sniffing,46690,46714,24,34.77323135751892,30.83935579332633
right_turning,46715,46736,21,74.22198649573124,29.94183878927114
trotting,46737,46777,40,289.88529361588263,33.305660680389444
sniffing,46778,46794,16,42.72348640663732,29.35626192592909
rising,46795,46817,22,53.54814361880227,47.714700458367965
climbing,46818,46857,39,46.318007090211594,57.0395619503797
left_turning,46858,46867,9,94.57114792205178,39.31923556112871
sniffing,46868,46935,67,39.885936189558166,37.98455166914994
walking,46936,46948,12,131.71705065790093,42.62906240834566
climbing,46949,46967,18,75.44914432469231,47.5514446653497
right_turning,46968,46978,10,172.9699467070251,35.000227002389124
climbing,46979,47057,78,51.357620294835414,52.164501241693905
left_turning,47058,47064,6,172.89959188829684,40.58028740985042
walking,47065,47072,7,180.0302216559524,40.41191106941396
rising,47073,47080,7,105.86977411297019,42.485324748583785
climbing,47081,47111,30,67.91315716272376,56.225258049598374
right_turning,47112,47115,3,171.90476373558238,30.44087760350732
walking,47116,47125,9,144.44388695787245,35.99935853519983
climbing,47126,47166,40,60.88040813718242,54.622054061479005
left_turning,47167,47209,42,160.9114426044303,44.17141603252582
sniffing,47210,47241,31,19.82869820411852,42.65798253803568
left_turning,47242,47282,40,111.24223936074098,38.218148227812875
sniffing,47283,47323,40,37.37307788287352,32.24015411471198
climbing,47324,47358,34,48.40040798221194,55.623684891008956
rising,47359,47380,21,16.914109842260544,35.494430904359426
sniffing,47381,47411,30,14.634918527340998,31.545929693709788
right_turning,47412,47432,20,93.84979993504474,29.604191231852237
walking,47433,47459,26,154.78327972999753,31.518759448846996
sniffing,47460,47486,26,26.142144502569256,28.147765140181345
climbing,47487,47542,55,50.8604082319768,53.3171454637076
hunching,47543,47573,30,29.81887124600582,37.13928860163007
right_turning,47574,47600,26,75.16251503571716,32.59196628396702
walking,47601,47634,33,176.85580079168926,33.32821566362431
left_turning,47635,47657,22,107.15213043109857,37.32601985746842
walking,47658,47769,111,144.8644127901829,33.85257952568939
sniffing,47770,47813,43,39.21554967646337,32.61746102745141
left_turning,47814,47849,35,122.70380023877881,31.03752720954888
sniffing,47850,47892,42,40.373746852161496,31.680319471267236
climbing,47893,47935,42,42.046120064110106,52.54847752333942
rising,47936,47945,9,25.075255212917966,33.76496891648238
sniffing,47946,48025,79,71.58815174440672,34.53864946151624
climbing,48026,48083,57,41.133380587978934,55.983950713274396
left_turning,48084,48108,24,148.41260436608613,37.41605768225938
stepping,48109,48139,30,116.3671308596178,35.90216132300923
sniffing,48140,48171,31,14.516296798910698,30.186131888866502
left_turning,48172,48186,14,107.66987886264256,33.47684434122194
walking,48187,48195,8,103.07054453298508,39.456627750045875
rearing,48196,48211,15,38.84949897690326,44.02763710064231
sniffing,48212,48295,83,74.99400880666535,34.94621744408917
climbing,48296,48342,46,49.915518124408294,58.679936059975155
right_turning,48343,48345,2,246.75063551618032,39.78679392372648
walking,48346,48357,11,204.32747396866128,34.054972902588034
climbing,48358,48425,67,51.9588231947784,49.30006529015373
rising,48426,48434,8,23.33156105417541,34.958001489400324
left_turning,48435,48454,19,106.03223302952956,36.64905418102133
sniffing,48455,48481,26,124.29606665422962,36.66681485921229
rising,48482,48485,3,56.41155020319901,40.9011918362698
climbing,48486,48498,12,74.26540885179166,45.1328079173103
walking,48499,48523,24,154.89538321451494,38.87499209604446
rearing,48524,48562,38,38.974073131595205,43.169758964199296
climbing,48563,48588,25,82.93624266666741,50.977529143032186
left_turning,48589,48595,6,174.63993542152775,36.062540107244025
walking,48596,48637,41,130.84563097780324,36.75971165440061
stepping,48638,48680,42,126.66809444103784,36.39973064063715
climbing,48681,48711,30,53.16724979993233,48.71618240763168
right_turning,48712,48717,5,158.78437118866265,39.12321457343493
walking,48718,48760,42,181.42672735683556,39.36230150602789
climbing,48761,48774,13,37.17153635813967,44.61529807806595
walking,48775,48780,5,88.59047278944017,35.897856816877244
sniffing,48781,48946,165,46.55116266141628,31.783125312578473
walking,48947,48978,31,123.90611074406662,36.73073535859541
stepping,48979,49003,24,135.31870625676157,37.59148398517627
climbing,49004,49029,25,30.92106485894393,44.463926727874636
sniffing,49030,49085,55,66.71152698824368,32.58455661119444
right_turning,49086,49118,32,88.9604258721016,38.78951114885723
walking,49119,49162,43,160.51583116272653,38.70931605981598
right_turning,49163,49208,45,48.90424346685073,34.638819059199
sniffing,49209,49258,49,28.550745009462066,33.899146956276816
walking,49259,49327,68,125.88099130323198,35.185935170980166
rising,49328,49352,24,44.540056530000186,43.68687329109594
sniffing,49353,49457,104,42.64026209703506,34.56089876231193
left_turning,49458,49490,32,86.7369250227619,37.47722639606442
walking,49491,49546,55,148.73875391934033,36.73811109792353
sniffing,49547,49603,56,9.857079184157197,33.49736736326833
rearing,49604,49650,46,43.03160299938379,36.94375110520983
trotting,49651,49698,47,245.1857641350795,33.30503323022241
sniffing,49699,49713,14,23.60442444369298,35.106899140468535
left_turning,49714,49771,57,110.96816181448193,33.962262487798824
sniffing,49772,49810,38,43.747296935916296,30.015478309580004
left_turning,49811,49851,40,108.81608425400522,33.96176642178826
stepping,49852,49893,41,83.6854889572893,32.97557790480661
walking,49894,49932,38,131.79733457840675,38.08545316778351
sniffing,49933,49954,21,60.234601613376874,36.793962181553816
rising,49955,50009,54,20.975605654660548,39.172988255866784
sniffing,50010,50089,79,68.999780363434,37.47360479795172
walking,50090,50117,27,157.45822458728495,38.54908063704729
grooming,50118,50131,13,34.71704637477059,45.82536921492986
left_turning,50132,50153,21,58.433039191247325,32.99987577674975
sniffing,50154,50236,82,56.07121058347776,30.431931449958622
stepping,50237,50281,44,89.17825176856012,33.0139581132579
sniffing,50282,50335,53,30.49582562703724,30.052877520365517
climbing,50336,50414,78,41.032246572866555,52.564517970582585
rising,50415,50449,34,34.169507840560605,33.30124026144602
right_turning,50450,50467,17,100.42056172130714,32.74276429159698
walking,50468,50508,40,202.1795389059967,34.5567388471724
rising,50509,50547,38,63.59646714053357,34.38639088548471
climbing,50548,50581,33,43.921016458296286,47.332479833409025
stepping,50582,50593,11,86.94740531748614,34.35425795293923
left_turning,50594,50647,53,146.69662138516756,38.62290580079403
walking,50648,50688,40,154.52728672323624,34.556862749026294
sniffing,50689,50725,36,36.675885368465735,31.211979418867756
left_turning,50726,50759,33,66.58191696542465,31.63130768497997
sniffing,50760,50780,20,43.464106143055815,30.467031847202293
left_turning,50781,50804,23,84.15105131921479,32.91269082864366
sniffing,50805,50844,39,47.32281524426078,36.68341795494136
walking,50845,50864,19,89.4777332608107,40.76884316874032
rearing,50865,50878,13,33.59644350634535,43.22227395420977
sniffing,50879,50981,102,12.5011999382827,41.418854033954354
rearing,50982,51041,59,17.607936361773522,44.13414686339933
grooming,51042,51091,49,19.812984313427496,41.272380719929444
walking,51092,51112,20,69.38999615185321,42.21389182971727
rising,51113,51133,20,52.93323338453704,44.412155584027836
walking,51134,51196,62,126.42916090082664,41.30561624885029
rearing,51197,51219,22,43.16942569800985,45.231159435544896
left_turning,51220,51240,20,115.57787486999004,32.85622911401006
sniffing,51241,51267,26,51.14357540450932,26.780112820998188
climbing,51268,51361,93,35.96250656447103,54.81982523001791
left_turning,51362,51370,8,121.45388982228909,37.37446931276158
walking,51371,51394,23,152.24404572049477,38.521694104021414
sniffing,51395,51441,46,23.395032836560514,37.61764692766608
left_turning,51442,51454,12,60.15498858184781,36.868701946418724
sniffing,51455,51496,41,31.53007395100395,38.595204490142464
rising,51497,51511,14,33.48026474704098,40.06388149018947
sniffing,51512,51565,53,14.712127470153526,34.59303614505801
rising,51566,51601,35,9.372624076813063,36.53607105214279
sniffing,51602,51634,32,16.569790587099288,34.48272362968004
rising,51635,51741,106,57.844039869591924,32.55824437273161
sniffing,51742,51803,61,57.77008804289965,30.773727691741122
right_turning,51804,51832,28,68.14344821462264,31.53966211015714
left_turning,51833,51854,21,93.8043159739214,29.331303531869743
right_turning,51855,51869,14,96.23287005898503,34.50102350664019
left_turning,51870,51938,68,138.35234395859507,33.34164164868208
walking,51939,51960,21,158.32156351879107,35.63923891640008
climbing,51961,52044,83,47.576138516626095,51.39768406049583
left_turning,52045,52052,7,164.72484204621236,37.6902173482668
sniffing,52053,52121,68,29.851397974470498,34.27737615768445
rising,52122,52132,10,88.54010273069972,35.84931056655477
climbing,52133,52168,35,59.46252914090225,49.86646403969711
left_turning,52169,52188,19,88.9532013251874,33.79170048870522
rising,52189,52219,30,75.69820289270383,34.113324967183054
sniffing,52220,52266,46,56.54791028737025,33.67675811371937
climbing,52267,52294,27,58.505254165257675,54.74863290738655
hunching,52295,52298,3,86.92448338243975,41.55084476517481
right_turning,52299,52313,14,98.02569054296325,34.400365699362006
walking,52314,52351,37,174.14660199202146,35.02755669181008
rising,52352,52368,16,48.873604994248325,49.309933718562135
climbing,52369,52411,42,43.78156606719706,56.43474450280883
sniffing,52412,52499,87,31.136212246325126,35.86434456609704
grooming,52500,52559,59,18.62395454767112,39.10970547559611
rising,52560,52619,59,19.34435066793077,42.195907974380575
rearing,52620,52814,194,21.530650208097864,41.90968628483399
grooming,52815,52949,134,24.929607031209613,43.81412369755129
climbing,52950,52999,49,22.92630547532196,40.86168546553585
grooming,53000,53164,164,26.150525925759254,40.94565979826037
rearing,53165,53199,34,18.360866798688207,39.06370162255959
climbing,53200,53229,29,24.186342617737136,41.72698156143085
hunching,53230,53249,19,25.664227021178753,45.83345883735765
rearing,53250,53284,34,21.872736257629388,45.2142241558699
grooming,53285,53519,234,26.867520726486102,41.46066475931917
rearing,53520,53549,29,36.577297655635,41.928127403895665
hunching,53550,53564,14,28.341599176745927,42.913208444267745
rearing,53565,53589,24,26.22325337093053,43.36786551232675
grooming,53590,53694,104,24.086822883627892,42.402785676199976
sniffing,53695,53814,119,20.606249346888482,42.004737179416196
grooming,53815,54204,389,26.768681105825905,39.851895765314055
rearing,54205,54252,47,27.44762240799363,41.70203924656142
rising,54253,54273,20,21.404405523914257,40.68018611104502
hunching,54274,54333,59,21.031308309496456,40.4512795667372
grooming,54334,54436,102,20.29664967346786,42.20032014246018
hunching,54437,54467,30,30.225950184158393,42.24616540321168
grooming,54468,54557,89,30.016051412249904,39.96463682809943
climbing,54558,54585,27,21.018447223411037,40.824160176490935
hunching,54586,54645,59,23.46773311115017,41.77397082448685
rising,54646,54695,49,21.42781332836931,40.90989414616943
rearing,54696,54720,24,21.7151808702777,40.741376006232365
climbing,54721,54771,50,19.596767775083407,42.16863434954937
grooming,54772,54871,99,34.73787708255542,37.07850434961993
hunching,54872,54884,12,39.74104990298287,40.08845756147234
grooming,54885,54934,49,22.473872622957764,40.55642502727673
hunching,54935,54964,29,27.290044293862305,40.06673867590802
rising,54965,54979,14,26.194622517980978,39.41574050559981
hunching,54980,55039,59,23.15757435850819,40.9755266824426
climbing,55040,55074,34,24.146869523530345,42.02672288245463
grooming,55075,55834,759,23.604963731359238,36.23089239467825
sniffing,55835,55954,119,19.077251871007675,40.968245683491325
grooming,55955,56049,94,26.391814541910616,39.133241608339766
climbing,56050,56113,63,34.39706501722644,40.827006707260104
grooming,56114,56188,74,29.317025339115194,39.22691271336625
rising,56189,56229,40,54.89587331670559,36.627162540793194
rearing,56230,56248,18,46.30106794788692,45.02786515739225
sniffing,56249,56310,61,28.26444022403093,31.276221894920017
rising,56311,56331,20,41.7696587938442,37.8048336352003
sniffing,56332,56371,39,34.36062241232177,33.932476230781106
rising,56372,56393,21,21.826134062489995,39.11391839873997
right_turning,56394,56432,38,89.01789609452672,37.56519899647558
rising,56433,56471,38,85.54179109150965,39.12100653954071
climbing,56472,56490,18,33.61596229428098,45.192693533158206
rising,56491,56499,8,60.77017349675402,35.889093457959646
walking,56500,56544,44,100.90721426934746,37.14737802404293
sniffing,56545,56578,33,51.78816644872706,37.08080370464545
stepping,56579,56614,35,86.16698087973845,36.94182361264197
rising,56615,56640,25,37.64500142574092,44.36328329599381
sniffing,56641,56704,63,76.61610481310206,38.63917861965827
stepping,56705,56753,48,91.76444606903951,36.8698257457942
walking,56754,56780,26,179.3511752514028,36.887478935473446
left_turning,56781,56842,61,96.45661988639085,32.416638437299596
walking,56843,56876,33,136.0249123351894,31.30767290262978
sniffing,56877,56931,54,62.33051395778365,32.58671586279179
climbing,56932,56998,66,51.22236590232106,56.98749854891818
right_turning,56999,57011,12,142.96992082732257,38.85028804827929
trotting,57012,57047,35,216.8190658202983,36.553672176547956
sniffing,57048,57080,32,56.37079388881313,31.692947461742822
walking,57081,57106,25,96.74685993738203,30.938128684604514
sniffing,57107,57170,63,29.872723656731118,28.3909989067851
right_turning,57171,57193,22,71.9111245453105,31.583211709582415
sniffing,57194,57228,34,33.74540165342319,35.622074447830464
right_turning,57229,57240,11,109.38670820807631,40.72438006783315
walking,57241,57329,88,136.56895595300847,36.5678526389123
stepping,57330,57347,17,111.58868647507141,31.185151219295662
sniffing,57348,57467,119,45.102315234047275,34.242045488906484
walking,57468,57484,16,187.87890702018285,38.28699204911305
sniffing,57485,57522,37,84.26308696159877,32.637247120417705
walking,57523,57560,37,120.40718762556969,32.15292049056487
sniffing,57561,57586,25,26.62000200145477,31.033111861691836
rising,57587,57699,112,61.56279036444877,39.095521845757304
sniffing,57700,57723,23,14.866254649559721,32.34414737214564
rearing,57724,57745,21,27.145926197542078,34.564548483784215
climbing,57746,57796,50,48.94063535172808,62.20216929785636
rising,57797,57830,33,25.842268004425236,35.83027404735933
sniffing,57831,57848,17,47.51387424982853,35.52613338214464
walking,57849,57868,19,148.6239971693788,33.41364770669442
sniffing,57869,57891,22,78.00201656887256,32.860580917676685
walking,57892,57964,72,128.32080510331826,31.132001736898456
rising,57965,57981,16,23.076301516793638,33.31617500390388
climbing,57982,58022,40,51.90734700310343,54.01082563685939
walking,58023,58037,14,128.50238884417726,31.81152202217806
trotting,58038,58123,85,262.4188512621614,34.38806329983564
sniffing,58124,58140,16,61.35051501018796,34.770711770228694
walking,58141,58210,69,121.51760702959905,33.990684406706364
sniffing,58211,58229,18,36.19362421278669,31.534840748995112
left_turning,58230,58281,51,123.08204684017474,36.1359599545795
sniffing,58282,58308,26,64.29233939437201,38.99098124836876
rising,58309,58329,20,55.11619372381157,48.429712294453815
climbing,58330,58348,18,62.88577494961719,56.750733230831706
left_turning,58349,58379,30,85.26699334235097,36.3372925609382
walking,58380,58413,33,189.0516818544839,34.32547962246344
left_turning,58414,58488,74,115.26575966069392,36.659167146794786
walking,58489,58531,42,162.37656827605667,34.5157347886374
sniffing,58532,58556,24,102.61340624027291,34.07402916502592
left_turning,58557,58600,43,114.68349926904881,31.62538428583139
walking,58601,58636,35,193.3071500378984,33.473760542394096
rising,58637,58643,6,66.83158912872541,42.04019180674835
climbing,58644,58700,56,21.29964098517995,47.060599110705304
stepping,58701,58703,2,81.10615271668938,33.89927472543423
left_turning,58704,58734,30,102.14213897413048,36.04470648271771
rising,58735,58748,13,40.46530632318586,37.76376458400039
rearing,58749,58786,37,21.203864547406944,40.97601929058032
sniffing,58787,58830,43,15.718482463144442,34.395596657600976
right_turning,58831,58857,26,52.70610469909221,31.47731550338871
sniffing,58858,58885,27,36.63900732593082,29.26682966146567
climbing,58886,58941,55,49.9755007104412,49.51337198351045
left_turning,58942,58946,4,94.81750435166482,40.08510622842109
rising,58947,58991,44,43.562709143199235,44.35388641990991
left_turning,58992,59025,33,131.64537240908103,37.37420179764767
sniffing,59026,59081,55,26.005516130797673,41.61561557681595
walking,59082,59125,43,184.4841583346192,36.816084598843986
climbing,59126,59154,28,48.25699909545726,53.11314040446451
walking,59155,59157,2,96.44222780850684,36.889967907660555
sniffing,59158,59175,17,67.97830067589143,34.87666453946065
left_turning,59176,59255,79,114.73824313574592,36.812473934091834
sniffing,59256,59347,91,31.393582735520052,34.27290598909718
walking,59348,59386,38,142.00710740812167,36.487167823360956
stepping,59387,59422,35,86.77381034117963,30.322931867078143
sniffing,59423,59463,40,101.72124046944714,30.818104851740205
left_turning,59464,59506,42,88.49969661772553,29.345346595844134
right_turning,59507,59524,17,84.80854300046904,31.17555293627262
walking,59525,59552,27,216.326761598438,34.67898245695293
trotting,59553,59569,16,238.51468854044893,33.10365297445904
left_turning,59570,59594,24,107.31060106762781,30.823419791430634
sniffing,59595,59603,8,23.95477073388514,31.41590749201181
rearing,59604,59630,26,48.05083443230543,47.51945984121292
climbing,59631,59668,37,54.60996095947333,53.15673237165127
sniffing,59669,59701,32,61.51115572788211,35.86914012115051
walking,59702,59735,33,198.74356659748108,32.782324953091184
rising,59736,59748,12,53.53846811683313,34.68972397958502
climbing,59749,59794,45,62.64956432646811,55.25492193898033
left_turning,59795,59809,14,104.46984438801479,33.72294800239434
climbing,59810,59862,52,51.326315371082316,56.15781650071337
sniffing,59863,59909,46,44.96646193427699,34.58213525102941
right_turning,59910,59914,4,158.9496918411841,34.169252195899944
left_turning,59915,59943,28,118.6015595576172,33.45406719960785
sniffing,59944,59950,6,42.97869311192896,35.74019639302271
climbing,59951,59983,32,49.848288941702044,47.032656491504746
sniffing,59984,60081,97,31.34597077726192,33.02360537572501
walking,60082,60150,68,185.1239213896876,34.766381318280516
sniffing,60151,60193,42,37.21930189017333,29.013661093433157
climbing,60194,60232,38,57.295880754355544,47.129819188831554
sniffing,60233,60296,63,65.50169194379076,35.916944377924764
walking,60297,60362,65,161.1904698928899,32.90084531638825
rising,60363,60388,25,27.244946559165,31.487813747514362
climbing,60389,60428,39,40.87061208358735,52.25592284689708
trotting,60429,60437,8,221.25464012415435,41.707292666539594
walking,60438,60451,13,196.38592626560578,39.25320924034464
rising,60452,60489,37,78.42989581247427,38.847112486324455
climbing,60490,60531,41,65.45663080520163,51.746130126858944
walking,60532,60575,43,165.9383820501894,35.79891559670841
climbing,60576,60614,38,53.12583481687408,47.02290592209014
trotting,60615,60619,4,203.9362600657515,38.089131643507095
walking,60620,60641,21,181.85510235510196,39.468667532194864
climbing,60642,60693,51,58.11398050129135,53.187524864767404
right_turning,60694,60699,5,224.6250204609953,35.183875346402424
trotting,60700,60715,15,235.83002767579887,35.35899768099231
rising,60716,60733,17,62.39471334541391,43.3286077623361
climbing,60734,60768,34,62.029902120908396,55.31470907800909
walking,60769,60792,23,156.93768806464675,39.00981334742073
climbing,60793,60839,46,48.94751671641638,56.10431050970544
right_turning,60840,60847,7,156.3219593053951,35.13026568415263
walking,60848,60869,21,99.39071173864477,38.73685113764772
climbing,60870,60938,68,54.732199313469124,53.38047518487224
right_turning,60939,60963,24,70.20773591082335,33.04177569783312
trotting,60964,60982,18,251.95133302883823,38.777691840992105
walking,60983,61017,34,160.41492515888135,38.66413688996245
climbing,61018,61118,100,42.66485045085999,52.72474600084653
trotting,61119,61122,3,70.19918903336776,40.35277293434827
sniffing,61123,61153,30,24.27118812927267,37.97655626944182
walking,61154,61243,89,148.94044562521105,34.113912216281506
sniffing,61244,61284,40,23.974146430129498,28.75232853613216
climbing,61285,61356,71,48.806025338385865,46.17501130992309
right_turning,61357,61381,24,67.16242042143547,31.419413281261033
trotting,61382,61415,33,278.9846641257655,36.884433612214764
rising,61416,61434,18,67.64909754176153,39.207559497250514
climbing,61435,61475,40,53.075837043306585,51.56096874527006
left_turning,61476,61483,7,66.39812460540088,38.87839027457041
walking,61484,61509,25,187.55027910133342,38.83021785848398
trotting,61510,61543,33,209.5213160351374,33.17252333274768
sniffing,61544,61566,22,35.291676347854015,32.95926773906858
climbing,61567,61607,40,73.03359310744764,50.467258607552964
right_turning,61608,61611,3,163.69995071896648,34.78988954372066
walking,61612,61637,25,107.73378985326461,37.23498726284008
climbing,61638,61728,90,55.94412175713625,52.31602774410027
left_turning,61729,61741,12,114.00669324308436,37.438848680263156
sniffing,61742,61862,120,43.34987082058769,31.957896980964872
rising,61863,61888,25,25.543615047696047,32.17183181082176
left_turning,61889,61906,17,103.31778921371136,35.87104741227901
walking,61907,61975,68,151.89600125990347,39.67567835870014
climbing,61976,61994,18,54.26525670785061,51.55985546683632
rising,61995,62018,23,56.82796271981027,37.83869912286344
grooming,62019,62031,12,55.88636921672754,41.91855743787597
trotting,62032,62037,5,201.95767930422718,43.351723955821306
left_turning,62038,62076,38,133.19823807652082,37.157666566177426
sniffing,62077,62125,48,15.95224898800867,41.109544625157945
left_turning,62126,62137,11,115.97631934387194,40.15277530644723
walking,62138,62155,17,141.4180755247891,39.52915888119923
rising,62156,62196,40,48.3816122261026,37.726811938431666
sniffing,62197,62247,50,19.584398802965357,34.85946461889584
left_turning,62248,62291,43,102.27063461730914,30.49292510489921
walking,62292,62303,11,123.3320232648295,35.027301107573294
rising,62304,62350,46,26.55094645537977,36.07244240732928
climbing,62351,62449,98,31.10121914470404,47.49414577277692
right_turning,62450,62461,11,94.31167950360066,40.917986577286094
walking,62462,62492,30,113.2244346450914,40.86473541088736
climbing,62493,62569,76,43.6022928313049,48.84970545423884
sniffing,62570,62596,26,13.748790047888644,33.40252404802
grooming,62597,62716,119,14.357447498893528,36.75774504072895
rising,62717,62770,53,35.38307280001325,37.42947007309119
grooming,62771,62830,59,11.648428481388065,39.6263878443073
rearing,62831,62926,95,12.564646274113693,40.43972831034048
rising,62927,62985,58,29.228365111353916,39.96838310058449
stepping,62986,63031,45,97.24142259207338,38.7874750159214
rising,63032,63064,32,61.08502928960264,34.83382732779042
sniffing,63065,63117,52,54.292289219408374,32.67647579618564
rearing,63118,63150,32,13.614376343222037,37.864367784242916
rising,63151,63270,119,52.2646423035994,34.373774166929294
sniffing,63271,63348,77,67.66083235000893,31.39793879069164
walking,63349,63390,41,138.30220408515956,35.294934456126676
left_turning,63391,63472,81,137.7637851344382,32.373904015501786
walking,63473,63501,28,118.7440446438632,27.510552119943714
sniffing,63502,63586,84,49.80321062365064,30.48812158371397
walking,63587,63610,23,203.67970604559432,38.30253543455908
left_turning,63611,63651,40,101.22922396195776,32.32495083601116
sniffing,63652,63800,148,38.41281050839823,31.97315372036752
rising,63801,63806,5,31.7768446781692,32.95941551692765
climbing,63807,63843,36,60.251059562832076,48.06891731195212
walking,63844,63849,5,103.43198944236774,32.56817944938721
rising,63850,63904,54,33.19509689106724,27.31542491559067
sniffing,63905,64037,132,50.261806363170926,34.68832409441297
rising,64038,64107,69,48.28110567137353,35.81721538625752
sniffing,64108,64138,30,32.41596137792109,33.18905182881299
rising,64139,64169,30,72.60337536339169,33.890014841587956
sniffing,64170,64215,45,10.73617176691633,32.87445706299466
rising,64216,64269,53,41.984649375812715,36.60661498458215
walking,64270,64328,58,106.69484971006823,29.706884911899188
sniffing,64329,64413,84,23.26414662313897,27.559631098800207
climbing,64414,64499,85,45.7644932444777,54.25763189738639
sniffing,64500,64521,21,39.014785191256294,38.1728028206619
rising,64522,64581,59,16.184898168878377,39.119120349402586
sniffing,64582,64590,8,32.33155933663972,38.270545232119645
walking,64591,64623,32,146.7520596372182,38.66634857527961
sniffing,64624,64649,25,48.38992351470608,37.048544577038335
walking,64650,64675,25,91.93828147455442,34.42960948421161
climbing,64676,64698,22,70.58631114529413,48.63371781708097
stepping,64699,64739,40,120.38927802968465,32.63934859901166
rising,64740,64749,9,46.21995692023047,34.88731605112487
climbing,64750,64788,38,45.246178609819694,56.76039177643379
left_turning,64789,64796,7,91.3975918693961,38.77803951049846
sniffing,64797,64925,128,33.96913117567903,37.201229260912584
stepping,64926,64955,29,105.66215267627351,32.92740190311049
left_turning,64956,65008,52,140.63084628537632,31.4088569244462
sniffing,65009,65060,51,19.42326294858855,29.811230651729822
rearing,65061,65081,20,29.347132478089218,35.729266443099945
left_turning,65082,65123,41,98.15618614786676,34.25533054481488
right_turning,65124,65159,35,64.64184890226025,31.831228790965106
sniffing,65160,65245,85,36.081560347816016,30.042639096974142
rising,65246,65258,12,54.51359325843976,33.452688349110524
rearing,65259,65273,14,53.13280322332007,40.54529508538077
rising,65274,65278,4,56.17562297421191,32.12115889478067
stepping,65279,65321,42,36.8419461676593,33.47837337316728
trotting,65322,65366,44,215.39472117815728,32.368416055825634
sniffing,65367,65399,32,66.05387832257277,30.051793119318614
climbing,65400,65472,72,45.87448261050898,47.74807931013376
right_turning,65473,65475,2,218.4996850777578,34.69726531868726
trotting,65476,65497,21,221.69932554411162,34.147147418858545
climbing,65498,65532,34,54.12220530931341,54.28054994019759
rising,65533,65551,18,25.064071862312325,35.39390775612846
sniffing,65552,65574,22,71.2710496425312,32.32260437040585
walking,65575,65605,30,150.72179045038396,32.65276255054712
sniffing,65606,65631,25,56.19646383746634,30.391138388957376
rising,65632,65658,26,39.30356922660834,44.004060814330266
climbing,65659,65708,49,36.57300954909729,53.321697766463
sniffing,65709,65757,48,22.799520687426522,32.351530427249145
rising,65758,65766,8,37.02925566701837,33.044176930485975
climbing,65767,65818,51,47.83643413519126,55.83942735937008
left_turning,65819,65873,54,85.44864681175281,44.665618885084115
walking,65874,65950,76,150.86200347100433,34.75082646659465
left_turning,65951,65983,32,65.44013589225683,32.72190398117088
sniffing,65984,65996,12,65.22475620797462,37.086667095638454
left_turning,65997,66035,38,101.62640214118578,34.59145027665004
sniffing,66036,66084,48,19.943679908822205,35.34233773960609
left_turning,66085,66155,70,103.27085235821225,33.7892925789799
walking,66156,66204,48,118.25106551735918,31.69012126392048
sniffing,66205,66256,51,36.23246269508921,33.11873533850964
left_turning,66257,66289,32,97.37558835035993,35.425954653185656
sniffing,66290,66319,29,21.99097261999325,35.43744951147771
rising,66320,66342,22,37.31885486839321,33.06447785231027
sniffing,66343,66379,36,23.016025160058483,31.561550363780803
rising,66380,66432,52,40.29456933068339,40.71184837025088
right_turning,66433,66438,5,149.22752060314915,42.303731210526564
walking,66439,66496,57,115.11427311040774,41.5810931053994
climbing,66497,66563,66,35.91236722342734,52.36093288048686
rearing,66564,66645,81,19.86471240509108,40.02176687804141
rising,66646,66679,33,41.61113699678511,38.23911671177408
climbing,66680,66723,43,47.97152582244791,63.1764267467963
walking,66724,66740,16,153.57907034943776,36.83266413792041
climbing,66741,66811,70,40.46410136912253,50.9630216720201
sniffing,66812,66906,94,15.759368101275381,34.820723699429834
walking,66907,66974,67,156.45465160840598,37.240636690659564
climbing,66975,67070,95,42.30402952937536,50.116987879325244
sniffing,67071,67113,42,34.09093662163163,28.405582885419662
rising,67114,67131,17,46.42567645630153,41.569571426675424
climbing,67132,67162,30,59.181697674781745,54.63431333212667
left_turning,67163,67170,7,94.74657073930604,38.466223719618
sniffing,67171,67202,31,36.83587461230298,35.99902060223448
left_turning,67203,67218,15,51.28549125417141,35.13427957564839
right_turning,67219,67245,26,53.85977949525024,32.51567131991532
rising,67246,67251,5,50.22849960654739,38.52279777572539
climbing,67252,67298,46,39.185509169650864,54.716512483656324
rising,67299,67302,3,18.420841200327242,35.244595830148626
sniffing,67303,67348,45,36.028365460917804,32.040859440105415
left_turning,67349,67360,11,132.45817653491716,38.92371478304157
climbing,67361,67402,41,58.50040825574403,57.93855241455417
walking,67403,67448,45,119.26411059427139,40.505549169293246
rearing,67449,67505,56,19.95715125824433,39.521083887719925
sniffing,67506,67527,21,20.958471954576957,35.09072264994217
left_turning,67528,67544,16,112.00595900638638,37.18189840935312
walking,67545,67580,35,191.754793998871,39.475222555459546
sniffing,67581,67626,45,53.59959642955742,31.348725237564558
stepping,67627,67653,26,92.62815879138061,28.7348472322795
sniffing,67654,67678,24,102.95972431913906,29.65656885744709
left_turning,67679,67714,35,97.30600717630215,30.714435119333718
sniffing,67715,67779,64,36.45433496862033,33.645899986358245
rising,67780,67867,87,28.79186608600961,35.16869834736533
climbing,67868,67915,47,43.03074492859991,57.904821780355405
sniffing,67916,68044,128,49.995853648901225,38.90759258535707
stepping,68045,68083,38,128.08493362656068,38.79735532051075
rising,68084,68101,17,34.21291681259839,40.087739782890615
sniffing,68102,68165,63,24.31730010400836,31.711537292869654
rising,68166,68192,26,66.49540059188729,33.50676957022066
sniffing,68193,68233,40,98.10950119428458,32.246207262961576
climbing,68234,68261,27,55.35491060315892,47.395045224039805
hunching,68262,68271,9,37.80123196050586,42.7459363951066
sniffing,68272,68313,41,43.56532030111606,31.26750573066859
walking,68314,68341,27,169.89552410245952,33.60871010181382
sniffing,68342,68381,39,68.0447164724923,29.814071162629272
walking,68382,68446,64,108.35365225671652,31.8974894667027
rising,68447,68466,19,68.64821917343116,35.355209770392726
climbing,68467,68499,32,49.88614286758507,49.286779697884946
left_turning,68500,68505,5,107.86658332127054,39.018421818309754
walking,68506,68536,30,115.50962052132068,36.79900449741254
rising,68537,68543,6,54.804509330046116,40.08523139174791
climbing,68544,68577,33,52.8513948342212,54.22018894213137
rising,68578,68584,6,32.720666279445155,41.32768441826043
sniffing,68585,68651,66,15.353129220204146,35.40911206308242
left_turning,68652,68659,7,149.22274130542394,39.073394142359206
walking,68660,68692,32,189.40952240498407,36.296765445705
left_turning,68693,68766,73,66.91134752067933,34.44417456402505
sniffing,68767,68832,65,30.206954220007088,34.947681680598144
left_turning,68833,68912,79,121.0473909991025,31.73548343950994
sniffing,68913,68975,62,22.162828387406908,29.20192705841019
climbing,68976,69001,25,45.81244280797853,46.71624521628815
walking,69002,69004,2,81.42313715713853,38.43086703056411
right_turning,69005,69014,9,97.58348769793263,30.899397319818483
trotting,69015,69048,33,235.92136004088522,36.44533976645585
sniffing,69049,69193,144,33.06627349969078,35.39515420802168
climbing,69194,69239,45,45.252102439351404,56.601402181156
right_turning,69240,69254,14,102.79902081384986,35.94754335861968
walking,69255,69368,113,114.22047527388952,34.37053040481355
left_turning,69369,69457,88,83.56512967362696,32.31382192109708
sniffing,69458,69497,39,52.637173645541836,34.540035099067076
walking,69498,69511,13,121.63335819691649,32.78810644462259
rising,69512,69525,13,36.118352910958286,38.54089461633259
climbing,69526,69563,37,40.82317022145978,45.25833780300571
sniffing,69564,69606,42,49.56266827779104,33.20047638933539
rising,69607,69640,33,94.81938955036613,34.927508697220475
sniffing,69641,69653,12,59.79918756828578,39.64445454717133
climbing,69654,69692,38,42.215548094656874,50.59497771070976
grooming,69693,69707,14,22.575916072602503,45.05121828422814
sniffing,69708,69756,48,34.20827291253273,37.58731519691971
rising,69757,69772,15,43.49198054867565,38.67308718799137
sniffing,69773,69802,29,39.3253240150036,31.40704526430024
right_turning,69803,69818,15,107.76321637094374,36.45815409896673
walking,69819,69886,67,173.30625496797825,35.81780705921149
climbing,69887,69953,66,35.85589294757431,43.075328866438056
rising,69954,69970,16,17.822952726900812,34.67636817580837
sniffing,69971,70055,84,19.66679353695175,33.923972372212326
rising,70056,70086,30,33.50066347675604,36.139527055303006
sniffing,70087,70108,21,42.19199374476211,31.554794475140522
rising,70109,70132,23,47.07772888455295,34.04263340803943
left_turning,70133,70195,62,106.73260722714022,32.15943941309062
walking,70196,70217,21,226.771432680154,33.205905524659045
climbing,70218,70266,48,28.51137131320484,49.532026681499644
rearing,70267,70277,10,15.180829452384483,43.64513174099471
sniffing,70278,70315,37,19.490049552142583,29.479041704778435
rising,70316,70346,30,26.84401936809058,31.60094848687946
climbing,70347,70393,46,45.57515575382222,57.90793257629376
rearing,70394,70423,29,24.130790136673365,38.93710217964007
left_turning,70424,70446,22,80.35779532940055,37.54865269770928
sniffing,70447,70477,30,106.23480189773969,42.45480001769859
left_turning,70478,70512,34,100.23844908920735,35.74156865428662
walking,70513,70565,52,160.37776116265957,32.96899063929582
sniffing,70566,70647,81,43.21601197038126,33.06837135203762
left_turning,70648,70659,11,79.23635879361815,36.427708030755035
sniffing,70660,70684,24,36.57218482442331,32.761053390254936
walking,70685,70745,60,169.1219736015297,33.07959629407337
left_turning,70746,70781,35,89.22184349964236,29.852527847138838
sniffing,70782,70837,55,37.07914774080525,32.93184052464449
rising,70838,70848,10,45.232752744335066,43.52991602482452
climbing,70849,70902,53,46.808879853817096,55.362299551641584
sniffing,70903,70948,45,21.89914810322097,32.78164160078695
right_turning,70949,70960,11,160.89208340390607,33.358572110163834
trotting,70961,70973,12,204.47020084258475,34.872287679999445
walking,70974,70980,6,51.48157597220247,40.90734292581122
climbing,70981,71017,36,56.55120872837612,52.815343120772766
trotting,71018,71022,4,173.62322973806448,37.05709881874783
walking,71023,71042,19,146.16880376630627,34.23296119973882
rising,71043,71049,6,50.51674492430528,39.05469172470513
climbing,71050,71084,34,57.08934609469802,54.95401287416283
rising,71085,71114,29,28.849729352132787,40.32788052079906
climbing,71115,71136,21,79.17769659446058,52.97295858741129
left_turning,71137,71145,8,202.16663148116461,41.81723888611536
walking,71146,71169,23,165.99778548095995,39.94331376166034
sniffing,71170,71209,39,9.905743989876504,38.196599995417934
left_turning,71210,71247,37,117.9085603450506,33.82524070823101
walking,71248,71278,30,145.9013896569317,33.42381308605193
sniffing,71279,71395,116,52.05292624506438,31.556096716902083
right_turning,71396,71411,15,172.4308537381009,41.07491004308083
walking,71412,71456,44,151.4349996605558,34.56011298754708
sniffing,71457,71462,5,20.029644916826157,32.54129815919402
right_turning,71463,71483,20,76.6057305175071,32.82514080492012
walking,71484,71524,40,96.63728909628337,38.7248277481334
rising,71525,71545,20,24.824765400193748,36.09973659951549
climbing,71546,71568,22,45.996303110834326,42.7160868100345
sniffing,71569,71677,108,44.060062400530605,29.977320784622123
walking,71678,71682,4,154.1445049358017,38.33697218909557
sniffing,71683,71707,24,58.48270774392963,34.67181576298432
left_turning,71708,71837,129,111.68036047645451,34.12715680319713
sniffing,71838,71877,39,33.87310889494312,31.221232658990914
left_turning,71878,71898,20,136.0823756784489,32.96919850460708
walking,71899,71927,28,188.36932460149646,31.088499246267425
left_turning,71928,71970,42,103.89761482239162,32.50775817469608
sniffing,71971,72000,29,39.01606821043352,33.2376961776922
hunching,72001,72014,13,24.030200022969634,36.459916497260245
walking,72015,72035,20,148.2123080093054,36.66785381352496
left_turning,72036,72095,59,126.32337235145755,34.78706481958793
sniffing,72096,72129,33,96.1746186234931,36.48203625623547
walking,72130,72164,34,204.91225360003472,32.59457203759617
stepping,72165,72172,7,54.19882292127362,28.823845526551768
sniffing,72173,72216,43,46.03787985391434,33.17900936645941
rearing,72217,72217,0,66.89103908608047,41.75274616876011
climbing,72218,72265,47,46.93728594386488,57.56391386721657
rising,72266,72275,9,56.24326682089529,37.066761348599286
right_turning,72276,72294,18,82.97770834377766,36.23651055958191
walking,72295,72354,59,204.27918106180798,35.484399783282015
rising,72355,72360,5,75.88302125445301,38.359008269687045
climbing,72361,72395,34,58.25663003032306,52.6452858128417
left_turning,72396,72408,12,126.64780162434093,39.86663567581651
walking,72409,72413,4,135.3845322424605,38.96315856993971
sniffing,72414,72517,103,23.778317294553645,36.59944092521754
right_turning,72518,72522,4,131.25596857420146,33.36043459806832
walking,72523,72571,48,137.5947174123399,33.404821669912714
trotting,72572,72586,14,174.02827205351522,31.233329541709363
stepping,72587,72595,8,73.81578222726228,30.19879881329926
sniffing,72596,72608,12,40.47498479814274,30.939886067704283
climbing,72609,72640,31,51.96203961943334,58.01762809632845
hunching,72641,72642,1,118.87559094521889,34.88215186236592
right_turning,72643,72647,4,193.54982924092914,35.26089564205232
trotting,72648,72660,12,220.33079265457172,36.80033276743379
sniffing,72661,72791,130,29.634363476396317,33.767815223163126
left_turning,72792,72811,19,90.37252011849833,31.270054095773485
sniffing,72812,72880,68,25.237740622812616,28.72466961451297
climbing,72881,72934,53,42.345817039531234,53.93037223884581
grooming,72935,72936,1,114.89550653663174,38.30427539821375
right_turning,72937,72950,13,188.27978360575574,42.3632658134897
trotting,72951,72980,29,253.9604878561465,44.764479332386045
walking,72981,73027,46,143.24668768397063,38.32355404857368
climbing,73028,73059,31,17.049881692622602,39.96146933121719
rising,73060,73084,24,95.77403563831575,35.74713424427339
rearing,73085,73096,11,55.170206857164935,41.61852061927396
climbing,73097,73104,7,59.68067074223443,44.81179691952235
rising,73105,73173,68,46.290456067326204,35.7288453217898
climbing,73174,73227,53,38.82796374193169,56.670282046307136
rising,73228,73248,20,23.915305245555107,35.201001327421764
sniffing,73249,73261,12,50.17465098283165,33.617794245140814
left_turning,73262,73273,11,101.11975444566919,36.706893533455975
sniffing,73274,73328,54,38.47246032849295,38.62682643514917
walking,73329,73340,11,137.76353691936802,42.73956774113045
left_turning,73341,73347,6,140.51099436423112,40.295680727534055
walking,73348,73403,55,172.07988489631174,36.254213989863466
sniffing,73404,73457,53,16.78705190699983,33.811427089694156
rising,73458,73513,55,33.912811240434756,38.56270511462099
left_turning,73514,73515,1,17.05730615494281,36.322544084882026
sniffing,73516,73525,9,43.17071693383993,36.334069792469606
walking,73526,73536,10,115.93576878360987,40.37736215776371
climbing,73537,73564,27,62.55239182375313,52.02697894854544
sniffing,73565,73632,67,28.811855578293468,36.71746282712534
walking,73633,73655,22,201.6805024144007,38.500366066633376
left_turning,73656,73685,29,91.29130539990655,34.876600596782325
trotting,73686,73702,16,267.01725116769813,35.91343201418635
walking,73703,73752,49,160.83523208772056,30.722212149931643
sniffing,73753,73765,12,28.401876511891075,32.5212470340296
stepping,73766,73785,19,109.0814001338131,35.35754401412858
left_turning,73786,73831,45,82.91136622119814,34.20431023376155
walking,73832,73891,59,146.74001046799904,30.864388741353917
sniffing,73892,73949,57,27.013780787156527,29.422317518617813
rearing,73950,73954,4,40.115292474992934,36.36025105114611
climbing,73955,73998,43,41.68481646667027,55.943518117467335
rearing,73999,74018,19,25.930360920081274,36.852353383005344
grooming,74019,74043,24,35.548431895140354,35.11673774337394
sniffing,74044,74073,29,29.115793665434882,33.76911222229263
rising,74074,74114,40,27.841828673488973,30.7949630632036
climbing,74115,74160,45,62.146381647948445,53.12223022307212
sniffing,74161,74163,2,117.38803311902159,40.5964969687067
left_turning,74164,74181,17,89.72475166333847,35.75276007190879
walking,74182,74226,44,148.98100005472318,35.004532044911976
left_turning,74227,74255,28,103.54506085361972,33.64830346223914
walking,74256,74311,55,118.3760064436642,32.80687576314573
sniffing,74312,74313,1,29.526302208354164,31.158551339048852
left_turning,74314,74325,11,103.12293368525711,33.010531775957
trotting,74326,74330,4,167.1361254601311,33.74409428944888
sniffing,74331,74361,30,68.09963615446676,29.578747898332526
trotting,74362,74371,9,193.61104904093963,30.219888324735837
stepping,74372,74375,3,72.40069495159966,29.8974148023145
sniffing,74376,74403,27,24.678175958535697,29.336668141128182
rising,74404,74421,17,45.510378151093974,35.44885543717166
climbing,74422,74441,19,32.34050464965835,41.760880741890816
rising,74442,74442,0,19.634614311753527,36.68264427279162
sniffing,74443,74562,119,27.380023066313463,29.79906026188113
climbing,74563,74605,42,38.45477555339958,52.91295041651587
rising,74606,74658,52,34.001936240257805,34.505451026082085
sniffing,74659,74785,126,25.028359465402573,33.7791915527305
walking,74786,74806,20,172.4097032504685,39.14432172723233
stepping,74807,74845,38,64.30159062151438,33.70967029205172
rising,74846,74849,3,63.5467199731196,40.843048117687054
rearing,74850,74865,15,36.5663047827627,40.938169942250866
climbing,74866,74887,21,49.78369926476943,55.726653205962286
walking,74888,74890,2,123.01023706552091,37.03247226864787
trotting,74891,74906,15,214.69553798695955,33.094065953783485
rising,74907,74912,5,64.216743169772,38.404867243600116
climbing,74913,74947,34,37.60073223369559,56.5310176503588
rising,74948,74987,39,25.94623071067256,36.11258678228692
sniffing,74988,75018,30,25.672636412607645,28.816812702480277
walking,75019,75105,86,139.15973496973712,31.42707898704959
sniffing,75106,75125,19,23.815017803545903,28.559965799996792
walking,75126,75129,3,62.126306284290095,39.90289752101642
climbing,75130,75167,37,42.92574537398052,59.405677008623655
rising,75168,75168,0,57.77982929006739,38.96587939918257
sniffing,75169,75182,13,52.349790211393746,33.670118163778554
walking,75183,75268,85,167.61210107933795,32.95307437175041
sniffing,75269,75276,7,27.0799697260312,34.63859546393905
rearing,75277,75277,0,44.61085250988913,37.91729876329029
climbing,75278,75310,32,53.704879980850734,57.36395653940281
right_turning,75311,75315,4,157.55227622475567,44.050290433385875
walking,75316,75320,4,208.5269088637885,44.00035809699002
rising,75321,75357,36,62.9667898496103,37.4049382700879
sniffing,75358,75406,48,17.530952631004492,36.20704339344787
walking,75407,75420,13,153.70641088859722,36.92969158562337
sniffing,75421,75426,5,104.5451186300221,40.71397398494958
grooming,75427,75452,25,28.20824111715496,42.275229290804255
left_turning,75453,75467,14,102.88631615237871,35.89437645544498
walking,75468,75495,27,133.0918230122957,40.829219217365164
rearing,75496,75502,6,42.676144092488975,45.28906760338718
climbing,75503,75514,11,41.82817010055682,50.11927903287304
rising,75515,75516,1,83.76773991872983,43.37311007390626
left_turning,75517,75526,9,111.0245335496666,32.96038539852661
trotting,75527,75531,4,188.0418952663422,32.19140734558148
walking,75532,75580,48,109.03837934196811,38.03051007018293
rising,75581,75615,34,51.780150461238534,40.62077568513304
rearing,75616,75624,8,43.53186946747035,44.65177865277122
climbing,75625,75662,37,42.38567890368907,59.79092367071079
rising,75663,75674,11,59.432692796562996,36.77125821824462
left_turning,75675,75679,4,130.9876585827886,32.40654064033546
walking,75680,75694,14,76.93980826673558,35.970631251199514
climbing,75695,75751,56,31.77133959125957,48.377401631703485
grooming,75752,75755,3,56.98524406514479,41.883338351881775
sniffing,75756,75791,35,48.92090329952435,33.77360838338873
left_turning,75792,75796,4,156.92995932077028,32.67914757629397
walking,75797,75825,28,177.0321606396884,32.554608348697386
sniffing,75826,75857,31,51.57385303216864,29.937898453996585
walking,75858,75862,4,189.69772882462007,30.81639850962526
trotting,75863,75867,4,202.06527526837544,33.075123135890145
walking,75868,75877,9,147.8475215915812,32.66323512658117
sniffing,75878,75879,1,61.347363001525274,32.96555928843352
rising,75880,75920,40,24.644501100199673,37.59953919470643
climbing,75921,75956,35,33.330178635589796,47.24507475270311
grooming,75957,75958,1,137.7910349315418,42.684288577618915
right_turning,75959,75966,7,214.74005784813102,42.928106722050046
walking,75967,76003,36,150.74204327849736,37.27664059046382
rearing,76004,76014,10,36.824813159868974,38.744658266655215
climbing,76015,76035,20,43.11649180739067,49.17750628831997
rising,76036,76045,9,33.88655850366659,39.506846572096016
sniffing,76046,76082,36,20.65697425485409,34.195330606976185
left_turning,76083,76098,15,131.92614482864678,35.38296538612683
sniffing,76099,76134,35,47.30001266065646,32.13101456055603
walking,76135,76145,10,133.9849591541122,33.02813972582596
sniffing,76146,76231,85,49.592404115471844,31.719896378122126
rising,76232,76282,50,46.87331010082995,33.800633419283514
climbing,76283,76327,44,43.05667150857865,60.17615857033618
rising,76328,76378,50,28.274691137300024,38.61305368830988
sniffing,76379,76396,17,34.122467753459546,40.86930967612073
right_turning,76397,76410,13,92.79300297195685,39.25493625460876
stepping,76411,76415,4,110.0316815421567,37.514232873983666
sniffing,76416,76450,34,98.72534437947355,35.29956430310388
rising,76451,76491,40,70.9595496709236,34.634530393669124
sniffing,76492,76558,66,40.35897746649002,32.91166217385339
grooming,76559,76735,176,22.113615685001758,37.99701669643782
right_turning,76736,76789,53,48.22708021227714,35.17568045375303
sniffing,76790,76793,3,75.46055037718786,31.014209551329746
rising,76794,76817,23,51.17698561912238,36.746899714802105
hunching,76818,76877,59,15.349934813963166,40.221670556115754
grooming,76878,76922,44,20.155403237567214,38.27874374881377
sniffing,76923,77096,173,35.83826277909077,34.08719635140273
rising,77097,77142,45,66.3099924556438,32.781076276069875
stepping,77143,77170,27,96.57765109813627,33.956846291491026
climbing,77171,77187,16,47.6530471965562,41.07087229248378
grooming,77188,77337,149,19.455536628966694,40.3986263473695
climbing,77338,77388,50,19.441601182763083,41.90219544239995
grooming,77389,77398,9,14.428453152762884,42.060186460199816
climbing,77399,77480,81,16.820035622066023,40.42702467333572
grooming,77481,77585,104,27.344260238371653,42.958852219697974
rearing,77586,77615,29,27.088678649761352,42.50781867753916
grooming,77616,77733,117,31.4298097883982,40.31340615879109
climbing,77734,77841,107,22.09930006620252,47.001210598880434
rearing,77842,77862,20,25.618730581055814,41.455465502717004
climbing,77863,77952,89,22.54532464565197,40.209978939817965
hunching,77953,78012,59,23.947148898945905,41.99472712190335
grooming,78013,78192,179,23.878909954856493,40.55163164549936
climbing,78193,78221,28,33.89926137965411,45.05436240992763
hunching,78222,78261,39,22.07891236737239,41.21425174026404
climbing,78262,78269,7,36.07535539632812,41.753990248612936
hunching,78270,78281,11,33.6614562454967,42.74508342935454
sniffing,78282,78391,109,23.730186216264098,40.30766202656806
grooming,78392,78431,39,29.6813395554913,35.57204418317946
climbing,78432,78472,40,30.616097640229285,42.65128639550172
hunching,78473,78606,133,22.369153032636405,42.09980128416778
rising,78607,78666,59,21.590025597507275,41.082357155781736
climbing,78667,78683,16,20.595223992844165,42.990988644977456
rising,78684,78743,59,20.55870238273279,41.687913319584496
grooming,78744,78838,94,31.431775893873652,38.45729649482344
climbing,78839,78864,25,17.96210338702837,45.02222471426921
walking,78865,78881,16,100.36834292944549,37.3885430199442
rearing,78882,78890,8,29.07721660391692,44.19442412719691
climbing,78891,78909,18,26.601168870002656,47.80514508071278
rising,78910,78931,21,19.5037325000524,39.00372647452974
hunching,78932,78970,38,12.70783717184504,40.27229020014946
sniffing,78971,78980,9,60.80827464625876,32.331423596000995
walking,78981,79031,50,101.43476391806529,31.987641841091754
left_turning,79032,79041,9,91.48395870667447,30.396614443999027
sniffing,79042,79095,53,23.35195367247368,28.783059442785724
climbing,79096,79189,93,38.36003121641355,51.03663207616987
rearing,79190,79232,42,16.487285499587653,38.997910808337245
sniffing,79233,79254,21,42.54281856571423,36.81298053022711
grooming,79255,79297,42,20.04772496550345,41.461850091082574
left_turning,79298,79335,37,110.73899942778256,38.51256811711387
walking,79336,79375,39,181.73815537257536,39.24832473137384
rearing,79376,79384,8,20.971372377832953,41.11171690062147
climbing,79385,79397,12,24.083581219920163,41.40718657675309
rising,79398,79402,4,37.11158994902928,35.3223879313148
sniffing,79403,79434,31,48.60938109266438,36.251740572293706
climbing,79435,79457,22,27.974346096923416,46.7534410783476
rising,79458,79498,40,33.98257647240753,39.974995449283306
sniffing,79499,79504,5,61.86560980439226,35.59206768926748
left_turning,79505,79509,4,82.6821138958417,34.98613171023413
walking,79510,79514,4,74.3894361594406,40.33167492365665
rearing,79515,79541,26,45.28904526208067,46.68656308283601
stepping,79542,79577,35,105.32380405725719,34.29703580544439
climbing,79578,79612,34,37.96543289884417,53.806422980273865
rising,79613,79628,15,16.97013155667583,38.29738771200782
sniffing,79629,79673,44,23.34103876453634,34.06651369744752
stepping,79674,79698,24,129.5500404756804,35.8513118533149
left_turning,79699,79830,131,104.36510912378884,32.09427681330246
sniffing,79831,79882,51,26.45514935783774,30.874612228472586
rising,79883,79891,8,47.33440764334635,44.0557301421942
climbing,79892,79928,36,26.681129611933528,45.97429321606476
rising,79929,79932,3,58.35318623316134,38.634150625075
right_turning,79933,79948,15,102.2341313739621,36.22892300122162
walking,79949,80008,59,170.19945956249597,36.64973216422457
sniffing,80009,80048,39,78.99990671536031,36.2562873261002
climbing,80049,80165,116,33.81042083803262,48.37616186398577
rearing,80166,80168,2,43.03540559997887,45.97215264581731
climbing,80169,80172,3,43.09678081710075,43.64395051128069
right_turning,80173,80184,11,110.87197053128465,40.71363846733444
walking,80185,80244,59,118.71140609091506,37.241958463572765
sniffing,80245,80245,0,28.42168731084812,34.915525578250595
rising,80246,80293,47,19.930429734013703,38.1303652044331
sniffing,80294,80687,393,29.469527574188195,33.93517376972767
left_turning,80688,80692,4,89.35654040228107,36.29366299060691
trotting,80693,80717,24,288.09725563822985,38.440356109762575
sniffing,80718,80766,48,44.681217811152656,33.643375202334376
rising,80767,80802,35,73.21487384281122,35.1969264965294
sniffing,80803,80876,73,15.101640979125852,34.37058116897928
rising,80877,80917,40,50.8912732889667,32.93517236319088
sniffing,80918,80923,5,32.021203300583956,36.7385617305698
grooming,80924,81042,118,19.084724220145127,37.022312908252964
sniffing,81043,81050,7,28.769982530578627,40.133430354335346
rising,81051,81068,17,42.66389789959238,38.170865229265345
rearing,81069,81110,41,23.27194949431611,41.82773375217527
right_turning,81111,81115,4,33.546668110061404,34.52738717239039
sniffing,81116,81130,14,20.41041413665009,34.97215932334425
left_turning,81131,81143,12,62.39988251329502,32.550241277775335
sniffing,81144,81206,62,51.821781877759236,31.949431287879012
walking,81207,81251,44,164.89916554216094,32.252914634385284
sniffing,81252,81290,38,41.4205536031527,30.594931428589042
rising,81291,81301,10,41.45824744746767,36.49152438479024
grooming,81302,81311,9,34.87035754025597,42.04960813486637
climbing,81312,81339,27,48.19026475607459,54.789195427925186
rising,81340,81366,26,22.056002232753347,34.831481615574496
right_turning,81367,81394,27,95.04004121349718,33.19114719048635
left_turning,81395,81429,34,127.51064825661408,32.055112004680026
sniffing,81430,81468,38,20.996490375333913,30.080931752679
rearing,81469,81487,18,28.509711998665853,36.396710800415
climbing,81488,81518,30,43.60584852287159,51.757116057481
grooming,81519,81519,0,43.54315753480183,43.49094851715489
rearing,81520,81540,20,19.270671439762673,39.006763030228534
sniffing,81541,81580,39,26.79405455303752,37.197205574485054
walking,81581,81629,48,152.7667722873571,39.91723005099857
stepping,81630,81660,30,106.68842098128131,35.25431507346394
left_turning,81661,81687,26,87.54867632635116,31.819767833645333
sniffing,81688,81703,15,25.680134496611913,31.658789116360534
rising,81704,81712,8,49.68232150149427,38.48710031286627
sniffing,81713,81718,5,68.78872472097865,37.51387823734657
left_turning,81719,81742,23,120.54458954339752,31.75146683242524
walking,81743,81747,4,145.70758221757464,30.582048754060033
left_turning,81748,81752,4,111.03514583747605,34.0386077449205
rising,81753,81760,7,60.96130196464979,40.00981599820954
climbing,81761,81869,108,34.49263138515215,45.95721875138915
rising,81870,81889,19,51.420928462639324,39.63146342610041
climbing,81890,81937,47,48.05205705281219,53.08199224128441
jumping,81938,81940,2,78.62115484180337,50.985329891507924
walking,81941,81964,23,140.81179395768595,39.62829895843564
rising,81965,81971,6,77.08668428535499,44.62612582518101
climbing,81972,82002,30,48.35833305733114,55.671834902060965
rearing,82003,82019,16,17.83808285609147,40.067062477695536
sniffing,82020,82065,45,44.06337239125905,38.36223409178168
walking,82066,82074,8,118.69464348783794,39.161806360803475
climbing,82075,82110,35,56.37058685718775,55.878974000908215
right_turning,82111,82121,10,208.33656912346285,41.5593442881034
walking,82122,82149,27,146.2075391688017,40.33426576395182
grooming,82150,82155,5,43.139134385607726,39.04532651728258
climbing,82156,82189,33,49.80880965732792,49.593964469694775
rearing,82190,82194,4,50.28168816599952,39.81749792591917
walking,82195,82237,42,135.8235277941517,37.786997670490784
rising,82238,82289,51,57.02247012851493,29.694496498938424
climbing,82290,82325,35,43.936236658917544,55.33311425139921
rearing,82326,82334,8,82.10448918393668,41.023500906568266
left_turning,82335,82380,45,126.49378585965478,37.19889248655937
sniffing,82381,82385,4,66.42834190990507,38.130508072386746
left_turning,82386,82433,47,137.7991688370552,37.955002956550366
walking,82434,82453,19,211.06311208573953,33.46243897723614
stepping,82454,82454,0,122.48789698898452,33.73610343152404
sniffing,82455,82478,23,39.94808395756774,33.5737614826272
rising,82479,82531,52,12.618132526377117,33.41408016019548
sniffing,82532,82572,40,30.63542177860271,35.446472619951756
left_turning,82573,82610,37,138.4589340673218,40.21060140670936
walking,82611,82649,38,125.6709833480843,39.29204113021733
rearing,82650,82658,8,40.42617138048574,39.364758065327926
sniffing,82659,82711,52,15.456300685749943,35.66350056577149
rising,82712,82743,31,28.959876259888418,35.13813453572487
left_turning,82744,82765,21,99.7729256600493,35.50678466432758
walking,82766,82770,4,149.1752378912469,39.859158527892156
left_turning,82771,82830,59,83.89728879948919,33.033555944601936
sniffing,82831,82890,59,17.431738867166413,32.59839376003648
walking,82891,82946,55,111.473919754514,31.43473164160714
left_turning,82947,82993,46,96.37489802270343,31.33271798815337
stepping,82994,82996,2,95.06130852194632,32.02843031078499
sniffing,82997,83048,51,54.55745265287309,33.207916094591845
left_turning,83049,83054,5,106.57363778556554,32.16024312487033
sniffing,83055,83071,16,47.60420789241381,40.28006891862784
walking,83072,83180,108,144.84480694674787,35.30770759975398
rising,83181,83220,39,46.743216776333334,35.134189702776254
climbing,83221,83246,25,50.043382601682865,54.80734270171537
rising,83247,83251,4,61.707679213879565,38.91696740783613
sniffing,83252,83332,80,38.26593498637955,35.80785733348989
walking,83333,83349,16,95.7941527140914,33.433272270830486
sniffing,83350,83359,9,47.51160878805522,33.444802079253165
rising,83360,83396,36,37.679244177681184,30.65167232614002
sniffing,83397,83458,61,16.747374319081466,32.82101708064352
walking,83459,83462,3,56.82269935812863,37.70457538300458
rearing,83463,83470,7,52.80001721146561,38.573398747814366
climbing,83471,83528,57,40.69576395584687,49.20113072612194
rearing,83529,83585,56,17.33547518401282,39.61420799397595
rising,83586,83642,56,9.01505307799469,36.27478919683888
hunching,83643,83665,22,20.328676668297106,36.317720004872626
grooming,83666,83675,9,59.49523001335565,36.22894383112843
walking,83676,83721,45,131.53634040673384,41.57652745721299
climbing,83722,83772,50,48.64070547685682,58.762227471852164
rising,83773,83776,3,84.37374077629836,37.22833964674486
walking,83777,83831,54,178.23771456273096,34.38547569040469
left_turning,83832,83832,0,79.75704004742781,38.26526882941632
rearing,83833,83867,34,30.614968657471177,37.161920786235704
walking,83868,83892,24,139.70361273915208,36.33011350773538
rearing,83893,83913,20,23.521217445651825,38.808930106483395
sniffing,83914,84074,160,24.631128092564612,30.78434952959412
climbing,84075,84131,56,54.45927231782939,54.13989545271112
right_turning,84132,84133,1,137.61748893082284,41.34727698040403
left_turning,84134,84141,7,122.03279995783245,42.20124354258161
sniffing,84142,84189,47,24.15056416062519,38.75389993703388
rising,84190,84249,59,11.220834530064382,39.64872130698277
sniffing,84250,84300,50,26.972217297855615,38.06926608330506
hunching,84301,84310,9,45.70830098918286,40.67845352892531
climbing,84311,84348,37,47.43175536378704,49.91692272197662
walking,84349,84358,9,88.30494319041699,39.34381416277089
rising,84359,84364,5,48.85074866820554,41.180716509046256
climbing,84365,84416,51,41.40989822194088,58.39046502380126
jumping,84417,84418,1,52.30483269633509,81.61993143308914
climbing,84419,84435,16,63.56317430497038,48.83279191021002
walking,84436,84439,3,141.5083976090495,41.800043675766545
trotting,84440,84441,1,201.6413838197982,41.02547263928662
walking,84442,84449,7,208.4937564283972,40.077641960698955
right_turning,84450,84450,0,150.777170809229,41.50663304971039
sniffing,84451,84513,62,36.23423533004574,36.51947126976877
rising,84514,84519,5,52.138069284590216,36.159556464749414
climbing,84520,84562,42,44.363505059012326,49.79138754253651
hunching,84563,84568,5,78.00859402337507,39.52425806520208
right_turning,84569,84580,11,180.38173575513937,36.83300412410599
walking,84581,84636,55,134.2301735210102,34.77444271951093
left_turning,84637,84646,9,95.13943341629522,30.97115007453357
sniffing,84647,84705,58,30.461654162227735,33.15450704046262
walking,84706,84787,81,133.9616154556458,34.15140900442286
left_turning,84788,84833,45,120.13676230940767,30.551763120284186
rising,84834,84889,55,24.555586994552197,35.27215761880025
climbing,84890,84935,45,57.227791778520846,53.55837855474707
grooming,84936,84975,39,15.18729325675795,36.99183631240602
sniffing,84976,85004,28,35.58580804639327,35.437692263979464
walking,85005,85009,4,99.44427883834364,40.027669362110714
sniffing,85010,85032,22,70.75824110827877,36.607413733348935
rising,85033,85053,20,25.249347636769453,39.90579851980814
walking,85054,85112,58,190.40332354773528,40.50637849031975
left_turning,85113,85150,37,80.17891692794421,37.13650985977494
trotting,85151,85160,9,260.05488152039186,37.24806211220365
walking,85161,85175,14,197.36670088390318,33.76884467916991
sniffing,85176,85196,20,47.472684125334936,37.243677705397104
rising,85197,85235,38,31.427581465410004,42.36107348572343
rearing,85236,85289,53,41.27184210938054,40.94133140138063
sniffing,85290,85409,119,17.94212664769452,33.29475256347005
rising,85410,85471,61,49.10869532421804,31.053094031833435
rearing,85472,85502,30,19.636665432041287,35.116187946857444
grooming,85503,85513,10,35.53159789943997,34.219768054470755
sniffing,85514,85544,30,47.0946790983246,33.775477383020096
left_turning,85545,85594,49,77.78178035046417,37.8284844382596
sniffing,85595,85712,117,52.68699361691739,34.19363384953295
stepping,85713,85766,53,66.94059724698491,30.06177471296947
sniffing,85767,85782,15,21.794235237761015,30.888010732840165
rearing,85783,85789,6,26.10087073472775,35.1040332234657
grooming,85790,85803,13,35.49888686213982,39.852521606939156
climbing,85804,85816,12,34.37585761952893,47.81851496300513
grooming,85817,85875,58,14.143820981364021,39.023195271212316
sniffing,85876,85960,84,71.08435431437853,33.46111069567809
running,85961,85965,4,272.4422144152792,35.879429894688535
trotting,85966,86005,39,244.027022431936,35.156072959065924
sniffing,86006,86073,67,36.4634305802533,28.562093390967345
rising,86074,86088,14,44.62177614605573,35.73603041697978
climbing,86089,86134,45,42.87258684982807,54.380120376802964
sniffing,86135,86246,111,27.068058333948233,32.79743796223242
walking,86247,86261,14,135.10871256161505,36.906983033005936
left_turning,86262,86325,63,114.44481954917262,33.95252175248127
sniffing,86326,86381,55,27.074987911172254,33.02662911211797
grooming,86382,86390,8,42.772056123108136,37.65497776448612
climbing,86391,86413,22,58.7677246372672,56.26998016982502
rising,86414,86432,18,80.86177611571848,37.16159778406824
walking,86433,86447,14,148.40286776357624,40.79330787166471
stepping,86448,86483,35,116.30612588228993,38.885744127405125
walking,86484,86519,35,69.20472890554703,36.085120078819905
rearing,86520,86527,7,35.83355279395235,39.80958457362627
climbing,86528,86540,12,23.837809987182478,42.46457639594349
rising,86541,86600,59,31.17091162846123,35.72599334183183
walking,86601,86634,33,148.65753416884908,35.9660302515063
rising,86635,86643,8,42.17630338448294,40.1623649111656
climbing,86644,86691,47,19.943617730443904,42.02472806241389
sniffing,86692,86768,76,42.82614833640605,37.197361157121804
rising,86769,86769,0,17.35251760714674,37.03533043956726
sniffing,86770,86855,85,15.805691684867742,35.97576258015552
rising,86856,86896,40,68.54266647399324,35.75673764905589
climbing,86897,86924,27,43.39216795677312,54.27536550600636
hunching,86925,86931,6,63.20413241388652,39.547156502332946
right_turning,86932,86947,15,77.73308843948561,32.30798001482207
walking,86948,86952,4,199.87555674552684,32.032495518788735
trotting,86953,86957,4,221.15366708739913,32.83051296246953
walking,86958,86962,4,228.8761545200627,36.023209185216146
sniffing,86963,87014,51,79.20326112604606,30.99830039140838
climbing,87015,87055,40,40.09961513566396,56.75133111694103
grooming,87056,87060,4,86.26257571845133,40.42217964498407
walking,87061,87064,3,132.95325833336284,39.188034719549734
left_turning,87065,87074,9,110.33548389040918,38.981820154061595
sniffing,87075,87111,36,45.67182163121831,38.24064580219546
climbing,87112,87134,22,79.20774480529825,46.009164019462716
walking,87135,87148,13,90.4926199226888,40.17363478040339
climbing,87149,87184,35,42.95517959493171,54.8468856971251
right_turning,87185,87190,5,183.261655634587,35.471688038451084
walking,87191,87214,23,209.5332986250992,37.622892260215856
climbing,87215,87245,30,71.54080499659078,47.55824600913457
trotting,87246,87253,7,227.77445423896853,36.47067218297721
sniffing,87254,87307,53,86.56884468617042,32.52614827743678
rising,87308,87315,7,49.97403619646725,41.066047330385565
climbing,87316,87358,42,50.949195980306214,59.84641053597993
trotting,87359,87368,9,221.20346540454142,39.172154812605456
walking,87369,87388,19,139.14838379040134,42.048891134232896
climbing,87389,87429,40,49.38296871006816,46.47533587061208
rising,87430,87436,6,92.26882729168611,36.56698176393207
running,87437,87438,1,252.63049532830195,37.068162772681426
right_turning,87439,87451,12,206.8518323603316,37.543525693449546
rising,87452,87458,6,77.45707364248211,40.794949548351944
climbing,87459,87468,9,59.407944862447856,48.46454751531342
jumping,87469,87473,4,38.145751858286935,92.98056958222297
climbing,87474,87493,19,37.76139027182212,52.6365817932771
jumping,87494,87497,3,76.12906285601724,84.02051258889891
climbing,87498,87537,39,58.671717317252806,41.749453224524416
trotting,87538,87539,1,230.5725316743785,42.18886398670371
left_turning,87540,87586,46,128.97451750841844,37.609777043838626
walking,87587,87606,19,220.30980863281425,37.67671742457027
sniffing,87607,87711,104,31.50539603313248,33.28063232062018
walking,87712,87724,12,93.69733774254259,35.85535448659789
rearing,87725,87738,13,22.68918562244502,39.052231676548914
rising,87739,87821,82,12.044253569094264,37.76356030681681
right_turning,87822,87859,37,79.0064467141021,33.37713380195004
sniffing,87860,87887,27,55.41529506152689,32.71492741055241
rising,87888,87895,7,40.482308167466655,38.80695086083688
climbing,87896,87930,34,48.35944601520193,61.131100038685794
rising,87931,87935,4,41.958772414402034,36.90504208061325
sniffing,87936,88006,70,22.152196911417267,30.086519099689724
grooming,88007,88013,6,31.858317885411118,36.44309467872787
right_turning,88014,88034,20,65.72099286232394,31.274476950605713
walking,88035,88114,79,149.1489916890999,35.886859457901394
climbing,88115,88182,67,33.73708549748886,56.22995207222424
rising,88183,88213,30,20.173007145930065,37.52802117828083
climbing,88214,88263,49,37.87875569710408,44.64148115151741
walking,88264,88275,11,118.60601415569914,39.946494135472385
sniffing,88276,88353,77,44.20154359256683,37.85689455653778
walking,88354,88405,51,162.2641359518191,37.19915164811553
sniffing,88406,88465,59,12.367000875302137,34.69537069705707
walking,88466,88536,70,120.91771423214439,36.713611226890826
rearing,88537,88541,4,23.59617810009695,37.75867237114526
hunching,88542,88565,23,22.64938942409346,37.61554016168473
rising,88566,88615,49,30.510388348086675,34.86040085561475
sniffing,88616,88617,1,11.870314160959698,33.84464054504348
rising,88618,88677,59,12.887228000288077,36.116195216286926
walking,88678,88726,48,70.43609514502683,37.750163291092804
rising,88727,88787,60,32.38435309187756,35.03937804056525
sniffing,88788,88847,59,17.750862724595365,34.11377848889188
right_turning,88848,88887,39,64.0923770741045,37.643521089667715
left_turning,88888,88942,54,131.04279192547128,33.35477659640678
sniffing,88943,88972,29,47.425888614284844,35.165752796260904
stepping,88973,89004,31,94.21381399033376,37.81108321775913
rearing,89005,89024,19,19.045307749026446,39.501132965059206
rising,89025,89078,53,16.32467139718099,37.96598533490987
walking,89079,89081,2,116.74607174427808,37.38018428337901
stepping,89082,89127,45,102.18733121921106,33.20167659946002
climbing,89128,89144,16,16.67706494457847,43.696676213275595
rising,89145,89148,3,14.266989464823581,37.81072742507176
sniffing,89149,89192,43,32.2249205470868,33.26836904265713
left_turning,89193,89213,20,102.40357077656729,38.189764700691725
sniffing,89214,89270,56,68.44662655373277,35.171161587049795
left_turning,89271,89285,14,53.841848527543405,35.417945772972644
walking,89286,89290,4,175.21993237498216,38.42276608045543
trotting,89291,89345,54,251.7710148690432,33.92720462092895
walking,89346,89405,59,179.3147684560585,34.910775579653
sniffing,89406,89415,9,33.34076680666969,36.016367302700324
walking,89416,89475,59,134.40841321043047,35.33576385002154
left_turning,89476,89520,44,146.7196793885036,37.734359296745765
sniffing,89521,89522,1,33.9038847689301,41.69969805267099
rising,89523,89539,16,34.023814219725544,43.728906718446765
sniffing,89540,89542,2,42.29989413225155,41.520681115647164
left_turning,89543,89550,7,112.81021611747029,36.59761673534042
trotting,89551,89582,31,247.25549470803134,35.46590012909926
sniffing,89583,89591,8,35.99907234375409,32.77015453096804
left_turning,89592,89598,6,106.99390912578802,32.78584019461472
walking,89599,89643,44,166.47182277993994,32.64993183118412
left_turning,89644,89657,13,91.8206821484257,32.349186712071706
sniffing,89658,89672,14,82.1243053321368,33.03603754980451
rising,89673,89704,31,30.96265364195701,33.45087541091732
climbing,89705,89776,71,35.5275585285203,47.5611324167772
rising,89777,89782,5,87.1341464843231,46.14810168498585
left_turning,89783,89785,2,136.85380162164634,40.67173212971659
trotting,89786,89790,4,161.91186273363027,39.222828527746444
walking,89791,89822,31,138.6377746991187,35.93024292683148
rising,89823,89915,92,35.534870164061864,35.523876097598276
sniffing,89916,89930,14,105.49908737339561,33.166506036804215
stepping,89931,89933,2,106.97451559570317,37.36104965911448
sniffing,89934,90073,139,22.352222386950675,32.097996917480124
hunching,90074,90087,13,22.258882516607848,32.056559981946876
grooming,90088,90101,13,25.567508897030393,35.98243374668322
climbing,90102,90183,81,39.03106146224994,53.94274464916377
rising,90184,90210,26,33.603764420481134,36.940026716264505
climbing,90211,90236,25,62.270113289436445,56.68699258962011
rising,90237,90240,3,152.6996855228221,35.16336787427237
right_turning,90241,90244,3,162.297931260166,32.85289830323972
left_turning,90245,90284,39,124.62438294419474,30.95047652959491
sniffing,90285,90319,34,29.006643579223038,30.72231141141263
stepping,90320,90354,34,106.91919017451217,34.29777613894314
walking,90355,90412,57,182.56835185147762,36.3356553031002
rising,90413,90451,38,15.211860475596362,34.42949703743198
walking,90452,90503,51,112.02720611946337,38.64275878439344
climbing,90504,90535,31,56.181743737238264,52.70313050678659
walking,90536,90549,13,149.867009823447,39.69425165451584
sniffing,90550,90680,130,34.275701083230615,36.733130978019965
rising,90681,90738,57,9.463084492163501,36.94475385132708
sniffing,90739,90764,25,17.4805895194981,35.521495996679086
rearing,90765,90787,22,58.635380554515635,40.77978580135993
walking,90788,90847,59,165.89256929626626,34.51156338742974
sniffing,90848,90873,25,65.71107596782855,32.60069228249342
walking,90874,90928,54,92.50379636294228,32.30854873846636
sniffing,90929,90991,62,47.906399710107756,37.005016125862554
walking,90992,91056,64,139.40287538066946,38.00164541997194
sniffing,91057,91209,152,39.89739439331857,35.22486148687802
rearing,91210,91211,1,45.64865684224259,40.149188771007566
climbing,91212,91253,41,46.12781837108317,57.07003777991662
rising,91254,91267,13,25.356710864301835,38.61315311709986
right_turning,91268,91304,36,65.9845729672516,33.35304653362766
left_turning,91305,91356,51,66.34497805399327,31.980511077764504
sniffing,91357,91372,15,39.91510041580995,31.04185206979713
climbing,91373,91413,40,55.76087880243481,58.343802531955824
grooming,91414,91425,11,43.94644382747045,39.53772823520843
sniffing,91426,91435,9,40.380662684357695,38.14479429083951
left_turning,91436,91458,22,76.20082770305963,41.233503776496974
trotting,91459,91463,4,193.12312469416537,41.61195195055808
walking,91464,91488,24,154.04523550670692,43.392737876818366
left_turning,91489,91498,9,119.85791980703493,37.13982007547328
sniffing,91499,91569,70,66.6027536487201,36.62360558138614
rearing,91570,91579,9,27.066083169219972,39.784101499855105
climbing,91580,91606,26,23.686047348075455,43.04629420690542
rising,91607,91609,2,32.52099908923262,40.34327132544472
sniffing,91610,91628,18,26.818925851901792,34.06518888301084
stepping,91629,91665,36,97.56556818816367,33.54368236271496
left_turning,91666,91685,19,87.83909362824595,29.48445630589431
sniffing,91686,91690,4,30.45894804096067,27.07599085207488
walking,91691,91715,24,120.94762043913148,30.449608889091856
rising,91716,91755,39,30.10954666001509,38.45491184762328
climbing,91756,91784,28,41.88793327354575,60.50088038399713
rising,91785,91814,29,27.448150485124916,32.951756429571894
sniffing,91815,91898,83,33.06994245777246,32.00047007683051
rising,91899,91901,2,36.68279306478129,33.52110732593125
sniffing,91902,92013,111,26.520473678845644,30.03923833021648
grooming,92014,92025,11,32.668950403539824,34.693356785173684
sniffing,92026,92122,96,30.62902103303542,33.29221762261213
left_turning,92123,92174,51,113.867079566857,41.53374054379154
rearing,92175,92182,7,35.988389809550526,43.767213080439646
sniffing,92183,92216,33,34.04755296164493,35.95018551368269
walking,92217,92251,34,151.59642697471753,35.40324828921503
sniffing,92252,92282,30,29.0215067281681,30.42043762942582
left_turning,92283,92291,8,72.40644139049375,32.01949205406031
sniffing,92292,92301,9,63.27036008905333,29.432181248849883
walking,92302,92326,24,128.18060018962944,32.0121912902324
sniffing,92327,92367,40,26.513227806261483,33.30687011016113
trotting,92368,92377,9,218.83620566195546,33.79802109600946
stepping,92378,92393,15,51.79611100799235,29.746686353518704
sniffing,92394,92425,31,17.49694212176872,30.91467946389531
rising,92426,92433,7,38.461698448053276,35.3725675045882
sniffing,92434,92438,4,82.05175604603969,32.77769673667041
left_turning,92439,92443,4,119.49281863295474,32.66304369189321
walking,92444,92448,4,109.13352683994678,31.482283178251
sniffing,92449,92469,20,53.07321729054701,34.251804050405816
walking,92470,92484,14,136.84022812220257,37.99243640369033
left_turning,92485,92589,104,124.20751981094082,35.72784557780625
sniffing,92590,92611,21,24.831929362546074,34.486206042617596
left_turning,92612,92619,7,116.59755905788964,34.96274852532727
walking,92620,92695,75,169.3838204523567,33.68435532863052
sniffing,92696,92699,3,83.52082642030365,39.29324840570352
hunching,92700,92702,2,61.589998909834,43.01591388752962
climbing,92703,92742,39,34.68312766845735,52.14257222970855
rising,92743,92750,7,23.250115715923684,38.92800598767012
sniffing,92751,92862,111,19.29775544663642,31.297232529486962
rising,92863,92957,94,23.03356099020713,31.61551958997545
sniffing,92958,92994,36,36.63627219140306,30.1466192253332
grooming,92995,93010,15,45.4816876271171,35.23229273977389
climbing,93011,93031,20,65.59436235114609,51.73578406936124
rising,93032,93037,5,85.41655254986995,40.97859717806787
left_turning,93038,93057,19,89.52514022530889,36.69308404205832
sniffing,93058,93107,49,37.65178973785566,36.78858677508508
rising,93108,93151,43,30.0637334029371,37.20633106493493
walking,93152,93173,21,107.28666654623841,31.63576235923945
left_turning,93174,93188,14,119.74254297982503,31.401661139682417
sniffing,93189,93224,35,27.958269366981554,29.699556958491996
rising,93225,93265,40,18.669117079951484,31.21312438331269
climbing,93266,93279,13,19.508350738362175,37.278244442442634
rearing,93280,93289,9,29.68645260875539,35.7256456279118
sniffing,93290,93372,82,19.394035077348786,28.19366128614256
right_turning,93373,93389,16,44.80203325045962,32.36679990137574
walking,93390,93464,74,180.74717899148666,34.39963035377254
left_turning,93465,93489,24,103.21854461544888,31.990641599277026
walking,93490,93614,124,153.74474910872087,34.3257843612465
left_turning,93615,93619,4,106.37229229501054,29.560215428321204
sniffing,93620,93640,20,33.04276096262699,30.060164388028646
rising,93641,93654,13,39.00575017939191,37.33340430595727
climbing,93655,93686,31,38.28746362070288,44.83913161020128
hunching,93687,93689,2,26.693184372768656,41.511196659187284
sniffing,93690,93767,77,39.8887091264196,35.561464775312494
left_turning,93768,93772,4,115.90720304516749,33.18310134488072
walking,93773,93806,33,206.2558048685664,35.05521196533917
sniffing,93807,93852,45,34.04590994081489,35.442684044488715
climbing,93853,93888,35,54.49961001669291,52.713490798521626
rising,93889,93896,7,84.74917301860403,45.395720177720065
left_turning,93897,93898,1,111.4821958447258,33.22106379486826
walking,93899,93903,4,116.64189733388005,34.0427354429173
left_turning,93904,93908,4,103.15792851637632,35.75229162163297
sniffing,93909,93957,48,41.94655279079598,31.93053368136286
rising,93958,93975,17,50.11857494448358,34.71498340037451
stepping,93976,94025,49,101.56338452015176,32.10291385321246
climbing,94026,94170,144,28.609297442173204,45.607717539335674
rising,94171,94176,5,63.19374360957679,40.831665054048706
sniffing,94177,94195,18,61.263359817784114,36.78381972174492
trotting,94196,94235,39,234.83780616982526,37.16303489892007
sniffing,94236,94294,58,44.60694806102853,36.98203881195185
rising,94295,94300,5,116.80905272854363,41.19269275550726
left_turning,94301,94303,2,126.75775552996129,35.34992986482168
walking,94304,94321,17,134.74352281733516,34.72321615201927
stepping,94322,94323,1,118.02182201920593,36.97731341736879
walking,94324,94338,14,86.9518497092114,40.43551835835463
rearing,94339,94418,79,25.033448298392827,45.068862076506846
rising,94419,94424,5,61.70822354559751,32.30647807137347
walking,94425,94431,6,93.52707285993867,35.65118959941789
stepping,94432,94480,48,97.68650594103099,36.831556711176596
rising,94481,94543,62,45.66760118249006,37.344274308293805
hunching,94544,94572,28,41.78581550481767,39.0373101564388
climbing,94573,94597,24,33.630755770373824,38.851340134764584
rising,94598,94605,7,29.82485120989253,37.87250148624395
sniffing,94606,94644,38,13.597588418364788,34.62734221960179
rising,94645,94670,25,16.996510321587273,35.028216836293915
hunching,94671,94684,13,38.20063954060663,39.59863202963522
grooming,94685,94685,0,52.92896759151282,33.513685926684275
right_turning,94686,94726,40,78.55806391572861,31.623989613444742
walking,94727,94766,39,173.54833437729485,33.89906113571263
sniffing,94767,94797,30,29.08164767993982,30.83523494608892
grooming,94798,94805,7,43.65661505820526,39.49131847190108
climbing,94806,94842,36,40.18089531124092,53.70236552901651
rearing,94843,94860,17,30.49086413982377,45.892648692090766
left_turning,94861,94874,13,107.74000393209316,34.489832492794655
walking,94875,94936,61,81.64747101845145,35.56725551383122
left_turning,94937,94941,4,83.60659641938223,29.254091849975367
sniffing,94942,94981,39,25.574356234054292,29.54581186977639
climbing,94982,95031,49,43.468157310192645,51.76564582615516
walking,95032,95032,0,38.81608433783551,34.98161408356076
hunching,95033,95055,22,55.511254150567076,34.649395626437105
climbing,95056,95135,79,42.14344788548891,52.88207105430554
sniffing,95136,95160,24,41.84327175047311,35.10406519093235
rising,95161,95205,44,27.840021356819957,34.071993641447584
walking,95206,95213,7,45.95012901240287,41.16685159667418
climbing,95214,95236,22,54.797221499434926,59.96719314264065
hunching,95237,95243,6,76.45685993466091,37.90554152996318
right_turning,95244,95259,15,101.07055077732792,32.90425441991249
trotting,95260,95299,39,268.57760409250204,34.34193682887983
sniffing,95300,95331,31,27.514141985778483,34.561956113843316
left_turning,95332,95336,4,52.66116458746086,31.61522525423941
sniffing,95337,95455,118,27.00108688043828,32.69828686480628
rising,95456,95463,7,50.49676861978195,41.9685661378935
climbing,95464,95565,101,31.684574599885117,53.03779286497445
sniffing,95566,95671,105,30.90347757851735,39.61896716688292
left_turning,95672,95731,59,113.80600832743224,35.20320200580122
sniffing,95732,95783,51,71.4397493260885,33.178208709081865
climbing,95784,95817,33,40.1012078910237,42.902954623251574
sniffing,95818,95886,68,28.109482497831852,35.00738985601274
stepping,95887,95937,50,96.66925668643835,36.823759680635376
rearing,95938,95945,7,43.609356849248655,38.86413673104663
sniffing,95946,95999,53,14.563613890383168,34.69450761640952
left_turning,96000,96039,39,63.16178826780366,33.48803059481222
sniffing,96040,96041,1,80.91981606378307,32.28279682999571
rising,96042,96079,37,64.02801912602146,36.36443315982055
climbing,96080,96088,8,45.5192770802225,41.78976319691728
rising,96089,96096,7,27.56270159721759,41.02532596708636
sniffing,96097,96141,44,17.430148462742974,42.07337413385148
grooming,96142,96246,104,12.46417709068829,44.057159116275606
sniffing,96247,96358,111,13.156440944911711,43.63640890597818
hunching,96359,96366,7,15.46684316435747,39.93427399235296
climbing,96367,96454,87,17.85328104218543,40.69744304030366
hunching,96455,96487,32,19.86132261087822,43.82934668658146
rising,96488,96492,4,29.40489490308869,40.025109968144854
rearing,96493,96531,38,25.897589322593912,39.96850881292966
hunching,96532,96589,57,14.245056884594247,42.505851375445886
climbing,96590,96649,59,21.484501631667932,42.630776731116
grooming,96650,96749,99,28.05944138899726,42.418819863551704
rearing,96750,96806,56,25.538950810372683,44.766558806271725
hunching,96807,96807,0,32.12212047701136,42.18366496993434
grooming,96808,97076,268,23.095633734558405,38.589308052624986
climbing,97077,97220,143,25.355456796148,41.36935271443165
rearing,97221,97280,59,19.55039767266282,43.892971614510934
grooming,97281,97600,319,21.86885402382565,42.49533128984119
hunching,97601,97658,57,21.00949439431449,43.82590573163991
grooming,97659,97679,20,27.32108435818424,44.177657674645
climbing,97680,97689,9,29.960136848287995,39.75576855581206
rearing,97690,97748,58,19.740605756505694,42.51311520306487
grooming,97749,98237,488,19.107959501107878,39.52265231107188
climbing,98238,98262,24,30.9238783859682,39.41363688455541
rearing,98263,98302,39,23.025735599618635,40.25734972845431
grooming,98303,98582,279,18.021655303697475,40.47355156558307
rising,98583,98631,48,34.77265645215729,42.941058842128385
stepping,98632,98654,22,92.13753503692564,33.869012314509334
rising,98655,98752,97,33.112963289848544,39.955269242604906
climbing,98753,98767,14,27.009012367230994,47.142691406968005
rearing,98768,98818,50,22.99814952455107,43.649939242713046
rising,98819,98905,86,67.53985383102115,35.777411440827045
climbing,98906,98932,26,54.513723729444216,52.1103159758608
rising,98933,98936,3,68.71286956442778,36.726157600176336
sniffing,98937,98944,7,60.21659452614834,34.93943399469029
left_turning,98945,98953,8,86.27379245641986,35.883088301383026
sniffing,98954,99064,110,48.57736521771378,35.56189523186791
rising,99065,99103,38,74.55457929384032,34.093937276384096
sniffing,99104,99146,42,31.988383182718916,34.797307256188965
rising,99147,99206,59,10.344780512812592,35.31727639160911
sniffing,99207,99320,113,14.600540767139028,34.02438597861964
left_turning,99321,99328,7,78.75231316854013,31.913871407860285
sniffing,99329,99374,45,51.07627971384664,34.27020881773772
left_turning,99375,99379,4,66.6563968004484,33.204504540364496
sniffing,99380,99450,70,34.524265363774404,35.46074465271069
pausing,99451,99601,150,12.24727532997785,42.42149282567694
sniffing,99602,99644,42,16.755819012512916,42.46551166874156
rearing,99645,99684,39,18.645096744482508,41.118869229243685
grooming,99685,99804,119,16.65512122397983,42.56613355830997
rearing,99805,99858,53,19.982917807040188,43.71836868723296
rising,99859,99872,13,23.787225925618053,41.17852059057561
sniffing,99873,99895,22,40.107588168270766,35.78088825759145
left_turning,99896,99906,10,122.68367792452567,36.79532346565204
walking,99907,99943,36,136.52878771620692,37.86026861153133
rising,99944,99980,36,58.13987538027843,37.58611564781548
rearing,99981,100004,23,41.179329132935926,48.25037607572722
sniffing,100005,100030,25,27.868250006306685,36.28302325438437
grooming,100031,100031,0,87.57630339353459,37.60623177250461
left_turning,100032,100044,12,128.13703801701632,39.81952618739407
walking,100045,100054,9,168.5951932122855,37.6330831690934
left_turning,100055,100059,4,101.09132072008943,34.82534494207927
rising,100060,100107,47,54.65861349938635,35.62879729098362
grooming,100108,100112,4,31.751441052104997,44.34077472407223
climbing,100113,100249,136,36.59721195967915,58.08608823190616
walking,100250,100253,3,113.92980889308107,44.30793856607022
rising,100254,100277,23,46.92503094246357,45.287410604886475
sniffing,100278,100300,22,15.524283786719465,41.527874760151754
rising,100301,100351,50,27.310307783066722,42.41693391265836
left_turning,100352,100354,2,93.28108450733843,44.387291864222725
walking,100355,100406,51,141.2782396880561,39.78511121409206
left_turning,100407,100411,4,128.31206033068798,35.953610590173014
sniffing,100412,100459,47,73.91727795356793,34.212483109809654
walking,100460,100464,4,87.54543080119205,35.87167132957861
sniffing,100465,100574,109,16.138626349274308,33.70377323616424
rising,100575,100627,52,36.04246196163213,35.94876619357153
climbing,100628,100656,28,57.53210843309429,53.686300601999974
rising,100657,100659,2,102.4273254459764,38.52391088525728
left_turning,100660,100720,60,105.60518410906184,34.71953975404248
rising,100721,100817,96,46.10213399590118,36.168230197529525
sniffing,100818,100934,116,25.840247157108656,33.845558515283756
stepping,100935,100948,13,107.09136977474657,33.498315360369
walking,100949,100953,4,153.1090747086904,34.703749453839336
left_turning,100954,100978,24,103.81795360538852,29.689449058298518
sniffing,100979,101003,24,33.85752392134302,31.099657077067512
walking,101004,101018,14,120.83527080533135,31.263114617728526
sniffing,101019,101073,54,25.386910782828082,30.61227536324444
rearing,101074,101078,4,37.91702664770164,34.89126775280204
climbing,101079,101116,37,55.085975582266634,49.44048465868843
left_turning,101117,101125,8,85.08095928848479,37.66811537329764
sniffing,101126,101166,40,39.762962867479615,32.64325246545685
trotting,101167,101171,4,188.48539287332352,33.33163589792357
walking,101172,101194,22,94.07840527793552,33.66531661000052
sniffing,101195,101223,28,16.09826079402595,34.15922192162612
left_turning,101224,101271,47,97.9910247776999,36.443914082681395
walking,101272,101331,59,194.8583176705523,36.233854842371294
left_turning,101332,101361,29,80.66540547802947,34.73359729138981
sniffing,101362,101389,27,29.28083494853043,35.229780771587954
rearing,101390,101391,1,53.39123908508516,39.70982393559725
walking,101392,101422,30,133.3954448901412,41.2631495136763
left_turning,101423,101452,29,105.36482425930123,37.41107409027479
walking,101453,101485,32,132.8523898616158,41.57531753835512
climbing,101486,101491,5,26.20460656258659,45.516153673994175
rearing,101492,101503,11,42.545305845726354,45.14931202518547
sniffing,101504,101578,74,14.831172014628216,34.90276030415103
right_turning,101579,101590,11,91.61890266189711,35.20482138066031
stepping,101591,101603,12,145.35466899383798,34.62151832837584
walking,101604,101605,1,52.57854519521689,38.976151271589444
left_turning,101606,101606,0,35.93620305905571,38.753107642929336
grooming,101607,101632,25,20.201398042577942,39.17692900704006
rearing,101633,101642,9,18.664728633024698,40.70355366265666
climbing,101643,101741,98,36.67216916346229,52.15797058519979
rising,101742,101744,2,63.9802945430097,36.9984633291844
sniffing,101745,101943,198,51.474231830742205,34.27899013857579
left_turning,101944,101983,39,110.28180729806714,31.409737787187954
sniffing,101984,102004,20,33.96699324587446,30.942900241624486
stepping,102005,102014,9,78.00998920156655,32.90833312535555
sniffing,102015,102068,53,58.47285826206093,31.8389099344224
trotting,102069,102073,4,206.0916641107487,33.00818825891828
left_turning,102074,102113,39,101.94389167276174,32.60921061077636
sniffing,102114,102138,24,31.6831430217795,29.335089194782153
rising,102139,102149,10,23.90839049547451,31.51560559255411
rearing,102150,102157,7,30.352283427875648,41.000167896387524
climbing,102158,102204,46,37.15545890033149,61.01334361285907
grooming,102205,102211,6,36.53783771872029,40.440512776962805
walking,102212,102224,12,94.14000649425017,39.76114732978712
trotting,102225,102230,5,216.64141986560682,43.997661421936165
left_turning,102231,102350,119,127.8628598292873,37.04984049381246
sniffing,102351,102356,5,52.96815603324532,37.66557942139445
rising,102357,102367,10,47.64935339976111,45.09980688638976
climbing,102368,102399,31,22.681036069008098,45.796661347419075
sniffing,102400,102464,64,12.659879188550976,33.162451828402624
rising,102465,102499,34,70.06148765556706,37.822201546964266
sniffing,102500,102569,69,74.63144309096282,31.368311041468555
rearing,102570,102601,31,20.476957608348968,36.27333987541926
climbing,102602,102668,66,31.516158743378828,52.136396459742414
rising,102669,102678,9,22.928978299268348,38.50862077445722
sniffing,102679,102736,57,17.663076622099698,31.57530121314254
rising,102737,102758,21,20.49410547245894,33.9333981199214
climbing,102759,102794,35,52.03829057646591,56.54481366311635
sniffing,102795,102804,9,49.297287158061124,40.0296309728716
left_turning,102805,102854,49,90.36290460548501,37.42794238049195
walking,102855,102879,24,177.75835240167444,36.705881124155155
stepping,102880,102884,4,120.4056590874288,40.24418564159073
rising,102885,102894,9,98.49241428892948,39.743776912792875
left_turning,102895,102903,8,130.82367580231562,35.12942387875509
walking,102904,102962,58,155.73689959580875,35.23233487022693
rising,102963,102972,9,35.7171013947309,40.04391244113986
climbing,102973,103055,82,27.304129721038795,57.65200810022999
rising,103056,103095,39,33.02577255930805,33.57578896433174
grooming,103096,103141,45,17.87971303482645,36.54267310508089
climbing,103142,103173,31,47.99247854648321,45.586419041712254
sniffing,103174,103279,105,27.812609820313906,39.28697240346027
rising,103280,103330,50,29.458745135127675,39.03335838201382
climbing,103331,103391,60,45.98776803315876,46.3789539216547
rearing,103392,103503,111,11.81411438942644,38.609775843235816
left_turning,103504,103523,19,122.78135675792814,37.0248341067588
trotting,103524,103578,54,233.7925144488404,33.562747565338775
sniffing,103579,103587,8,37.92206017718515,35.55122207979582
left_turning,103588,103609,21,77.76897655020406,36.57700398892624
sniffing,103610,103819,209,37.70273425914317,37.178759938232716
left_turning,103820,103839,19,80.89803817811644,36.392772579785074
walking,103840,103892,52,143.3438971169971,35.70647101729821
sniffing,103893,103895,2,80.26277514141177,34.480637586371586
rising,103896,103915,19,35.08946870746881,40.16972376825048
sniffing,103916,103949,33,30.787598008923705,33.32929375556836
walking,103950,104005,55,101.84279962510483,36.16473198821085
right_turning,104006,104061,55,48.27878957755365,33.536776627661155
walking,104062,104116,54,192.15582771787115,35.33398093392892
sniffing,104117,104134,17,48.14626060216109,29.392687250104174
rising,104135,104144,9,34.644163802181495,35.10724873595499
climbing,104145,104180,35,44.505163374380516,53.42191309575652
sniffing,104181,104271,90,26.736084017971468,39.56298952554781
stepping,104272,104286,14,85.11671600461995,39.80502509443359
sniffing,104287,104369,82,14.905089498536372,36.549495150481555
left_turning,104370,104374,4,99.84479568214492,37.75554606546549
running,104375,104404,29,324.3064940242137,34.854030443736704
sniffing,104405,104434,29,49.153732503854194,33.77338587292341
walking,104435,104439,4,109.12298623516817,30.08465098480172
left_turning,104440,104499,59,136.92611232426978,33.61733525192594
sniffing,104500,104580,80,24.40091414987559,32.27610797831356
rising,104581,104588,7,36.37554030343705,44.026060036098585
climbing,104589,104683,94,41.427790919733184,52.565412796207276
hunching,104684,104706,22,39.3888989023592,43.288720509471986
sniffing,104707,104771,64,25.80201243929165,35.608508947107346
walking,104772,104776,4,34.69326585014814,40.063946149220484
climbing,104777,104822,45,42.49034500588763,61.75436542081456
hunching,104823,104823,0,56.0172489612485,41.97497898405911
right_turning,104824,104859,35,79.03175992937894,37.81003832895024
walking,104860,104899,39,178.56521943956795,39.20504400502295
left_turning,104900,104948,48,96.6814105994187,31.119710351658995
rising,104949,104966,17,25.818515001092194,33.573325114170146
climbing,104967,105011,44,29.750945517584686,37.930312061615886
sniffing,105012,105018,6,43.03498979911475,36.095191469394805
left_turning,105019,105029,10,100.90345354055675,34.6871300913235
walking,105030,105034,4,149.64647834587834,37.751942035979525
sniffing,105035,105039,4,96.21290898506749,39.249089599513596
rising,105040,105050,10,58.33999718911889,38.7073602609574
climbing,105051,105093,42,46.56704036783226,55.06072406282266
rising,105094,105110,16,28.987247223139157,40.60947444685721
sniffing,105111,105297,186,17.658768055305295,32.462566098896204
left_turning,105298,105357,59,109.0814300270349,35.546406145726635
walking,105358,105372,14,169.1569228683483,33.762818687646515
sniffing,105373,105465,92,36.95734989003129,34.29645555635735
climbing,105466,105498,32,54.68699102975345,57.59954441268688
rearing,105499,105500,1,73.93837054554365,41.89477584274788
sniffing,105501,105512,11,96.32975587003226,41.06806355305991
walking,105513,105522,9,138.2172413470524,36.78598251535699
left_turning,105523,105562,39,101.41422848560003,37.96832997417799
sniffing,105563,105571,8,53.0818692168943,40.45384953667128
left_turning,105572,105581,9,88.8724774563444,36.06525837304763
walking,105582,105616,34,151.67476191805181,32.98440329795263
sniffing,105617,105636,19,72.25804624053345,32.198336484621315
left_turning,105637,105647,10,94.38897874083979,31.38359717368076
sniffing,105648,105692,44,62.34509235602749,31.07881470246821
stepping,105693,105709,16,20.616893614804116,33.711344649868565
hunching,105710,105728,18,24.681709343099218,38.67931990040571
climbing,105729,105760,31,49.70246023716847,50.64839394631364
walking,105761,105819,58,117.60939459483468,32.97801666415178
sniffing,105820,105831,11,35.76642385059048,31.64371365093834
climbing,105832,105868,36,50.99837020539246,53.41046919272685
grooming,105869,105869,0,48.08806929398307,41.57336390212845
sniffing,105870,105935,65,21.187379495768212,39.42518860201472
left_turning,105936,105947,11,125.8857896469106,35.614156028268724
walking,105948,105955,7,162.80842727714938,34.816466999782016
sniffing,105956,105960,4,93.30564544916174,40.260103739143325
hunching,105961,106004,43,28.162513089181616,40.196691119253174
climbing,106005,106021,16,70.03689035933371,46.69632098536876
walking,106022,106040,18,156.59739949825698,37.43241269614967
rearing,106041,106041,0,86.11409144174128,41.310779320718126
climbing,106042,106113,71,48.044054167752826,60.02328386015553
sniffing,106114,106118,4,100.514937529354,38.6486574926711
left_turning,106119,106143,24,91.3154085876312,36.41756355728388
sniffing,106144,106250,106,25.361317721722585,36.18209795823097
right_turning,106251,106262,11,66.72925587999343,35.31739870177452
stepping,106263,106267,4,113.8705959445565,37.667740047914776
walking,106268,106327,59,149.28396527469815,32.83843894017948
sniffing,106328,106354,26,22.750702055463744,33.32124743672737
rising,106355,106364,9,44.992197893884075,41.555964467368746
climbing,106365,106406,41,44.7363207092189,60.504229278933224
hunching,106407,106410,3,89.00545214827636,44.56692709116704
right_turning,106411,106420,9,110.12621769785385,37.724215608552754
walking,106421,106473,52,149.28195854659128,37.12785547968887
sniffing,106474,106554,80,20.258135767778423,32.16407484434
rearing,106555,106561,6,57.652213462137624,39.53966982065498
climbing,106562,106612,50,58.07918213758223,57.12445290866756
left_turning,106613,106617,4,101.27263115179377,38.769049257866286
walking,106618,106627,9,161.9305343999141,36.423025085123
stepping,106628,106641,13,119.49681564944964,38.13788355601137
rising,106642,106693,51,25.309532752688746,35.61482935494486
climbing,106694,106742,48,43.688688281278694,61.11868740741832
walking,106743,106778,35,120.32711090609266,42.40769873860418
stepping,106779,106817,38,109.73906206406009,37.20519944670197
sniffing,106818,106951,133,17.96083064640573,34.71229417930394
climbing,106952,106975,23,58.246377260540775,54.703494648030436
rising,106976,106998,22,19.750715037555732,35.820824185568064
right_turning,106999,107015,16,80.45110280204258,34.29333473082624
walking,107016,107060,44,159.7793478043919,33.90264556887161
sniffing,107061,107114,53,26.38181390621468,31.61276335434508
rearing,107115,107120,5,44.67913295819755,40.266777754165695
climbing,107121,107153,32,58.645794779782136,55.09681555443145
walking,107154,107197,43,178.37789680810235,41.63626765298503
sniffing,107198,107288,90,12.787509948998391,35.9180673297087
rising,107289,107336,47,66.92812091443103,34.03124039574096
right_turning,107337,107361,24,60.784486106834336,33.17301724350302
sniffing,107362,107418,56,44.929053411467045,31.591729309404332
climbing,107419,107480,61,43.66164347123007,60.666308093965526
rearing,107481,107510,29,21.99792203135974,40.01955956334755
sniffing,107511,107554,43,27.038211686268085,36.87018368311216
walking,107555,107559,4,168.77636928313646,42.788550006503456
trotting,107560,107582,22,211.9631010660623,39.105602113372264
sniffing,107583,107713,130,42.85255446342615,34.86455781891334
left_turning,107714,107757,43,67.29108201646297,35.7520115063607
walking,107758,107771,13,147.61806037220816,35.15340540441973
sniffing,107772,107859,87,29.750307688163556,29.560554231863534
rising,107860,107864,4,38.245161023317856,33.14741298693421
rearing,107865,107870,5,45.083183866355625,42.492528806032766
climbing,107871,107919,48,41.986343683184295,56.354665370970594
sniffing,107920,107964,44,36.83781424856405,40.796893243869604
left_turning,107965,108000,35,99.816873768981,42.710514536096774
