revised_movement_label,segBoundary_start,segBoundary_end,frame_length,average_speed,average_back_height
sniffing,0,100,100,29.38626598442258,28.594432380585765
left_turning,101,110,9,126.70537592886153,29.05047984889803
walking,111,145,34,180.63689926093758,26.343987787151697
stepping,146,205,59,94.7726397953106,27.495862711215427
sniffing,206,305,99,31.006136478773545,29.992558495129757
walking,306,365,59,162.20425966154627,27.432660410498546
sniffing,366,440,74,36.61474205003625,30.924500343109727
rising,441,485,44,82.32360671207991,29.638406117552368
climbing,486,505,19,45.85986786970733,49.16312068876427
rising,506,510,4,48.51665826776826,32.440714292974064
sniffing,511,595,84,23.727029482269863,30.782820562950807
left_turning,596,635,39,95.00579301649137,29.256208277472602
rising,636,685,49,39.25694771068168,30.686700117072093
sniffing,686,720,34,26.534051640360886,31.219844064537693
rising,721,770,49,58.03614178014401,30.13797019077822
left_turning,771,795,24,135.24769839604247,24.808481115111423
rising,796,855,59,75.5483646838622,28.66658055685979
climbing,856,885,29,43.73364917047624,41.73993782863467
sniffing,886,995,109,38.113219728736865,30.96086055938083
walking,996,1095,99,181.52928562954446,28.6140508584721
sniffing,1096,1120,24,45.114454099535635,26.48095684812596
rising,1121,1180,59,29.466823443635388,28.325375557591645
climbing,1181,1235,54,32.49414748682593,47.36326848617435
sniffing,1236,1255,19,22.514605701307055,29.597718823806595
rising,1256,1290,34,22.673561723962305,29.007181778175504
rearing,1291,1315,24,35.53173454122138,31.424993957999213
climbing,1316,1340,24,37.52857871767537,41.11161596859335
sniffing,1341,1640,299,35.73093126577522,31.038189207045647
walking,1641,1685,44,111.85535670378857,30.889801478591487
stepping,1686,1735,49,83.10337310231196,24.28169089480607
rising,1736,1745,9,42.72404438795175,30.72021274462017
climbing,1746,1775,29,53.60875909050994,39.07827941049862
rising,1776,1795,19,67.62659812357853,30.501098782355747
sniffing,1796,1815,19,24.765818035412313,23.640617051936367
rearing,1816,1825,9,26.728764620363698,32.540208087188326
climbing,1826,1845,19,46.485869972599815,35.99840650803954
sniffing,1846,1920,74,86.26488913371689,28.45070460409235
stepping,1921,1940,19,100.33739257388997,29.387374998658878
walking,1941,1970,29,103.51258921227264,26.30134770844072
hunching,1971,2015,44,27.603962412691303,32.992039692208834
climbing,2016,2045,29,57.2006404076333,48.61854407564779
hunching,2046,2085,39,34.75927465215527,33.33915232963714
sniffing,2086,2120,34,48.183463691155076,31.171140886165535
walking,2121,2170,49,169.85875888378487,30.295812311240248
stepping,2171,2215,44,116.12861795822502,27.495845677277572
sniffing,2216,2240,24,84.07001136730366,33.68550026078043
walking,2241,2270,29,142.21624679371592,27.09959899510645
sniffing,2271,2330,59,51.88193035838614,26.740617565686517
rearing,2331,2345,14,42.43114864543837,34.82532923017136
climbing,2346,2370,24,64.0529983595967,43.97124377019723
hunching,2371,2380,9,63.018558499774066,35.55881983842071
sniffing,2381,2440,59,52.28927847167293,34.17690533678619
trotting,2441,2475,34,240.20893862113033,32.92908073100144
walking,2476,2515,39,204.69334405482124,29.403227024907714
sniffing,2516,2530,14,45.93147128789303,28.26317726189374
walking,2531,2570,39,136.3541413675952,28.118362329432443
sniffing,2571,2595,24,61.64185696256399,33.73470894516766
left_turning,2596,2610,14,72.37787247010102,30.262777451709066
sniffing,2611,2620,9,39.776163105422384,31.15313051970886
rearing,2621,2650,29,26.629034612277017,33.06424595412908
climbing,2651,2730,79,35.28969756208003,40.854572761568946
rising,2731,2785,54,32.315757045679376,32.7973704779059
sniffing,2786,2880,94,39.72331764323397,32.21098053499831
walking,2881,3000,119,131.8191415079729,30.269538589730644
rising,3001,3060,59,35.02217179408663,26.38308619491146
climbing,3061,3105,44,39.585948909776306,52.69805106586842
hunching,3106,3125,19,35.475084308553754,34.98152107927909
grooming,3126,3185,59,29.571908285466545,32.56946507569518
rearing,3186,3325,139,17.96911848154015,35.6620239471393
rising,3326,3365,39,23.38424164585257,33.29153105256746
hunching,3366,3420,54,25.719788139267113,34.92258968452504
sniffing,3421,3490,69,53.76853249720907,30.640550008465542
rising,3491,3520,29,62.931138328389885,32.50144195740912
climbing,3521,3570,49,37.790635664221234,47.38529830563013
sniffing,3571,3720,149,34.553892111807194,28.26324895090974
left_turning,3721,3775,54,113.95490532372091,31.2831353421917
rising,3776,3800,24,62.82539558071183,31.33128289203146
climbing,3801,3845,44,47.24577583305442,48.52859158721695
sniffing,3846,3895,49,41.115835850048946,35.5890843616249
right_turning,3896,3930,34,89.22571355794773,32.12754422706043
rearing,3931,3935,4,34.3134229165522,36.505657769461784
rising,3936,3975,39,27.573750922248202,34.86849071847435
sniffing,3976,4035,59,64.34736314799413,32.45758990086038
stepping,4036,4055,19,80.35024527545492,35.68616686592012
sniffing,4056,4225,169,52.21136019383245,32.611983071489256
left_turning,4226,4235,9,129.47271605448043,33.91745255588372
walking,4236,4290,54,159.16939485259013,29.66753159661896
right_turning,4291,4315,24,40.40797622885431,26.692546182185964
sniffing,4316,4350,34,22.533321345988053,25.73674812487017
rising,4351,4355,4,60.48814695104763,37.898134083170056
climbing,4356,4395,39,44.02718570052424,49.6453398575549
sniffing,4396,4405,9,80.68082190887074,31.793080463055343
rising,4406,4415,9,87.13956385636372,35.481550658999524
left_turning,4416,4425,9,136.6687846029426,35.686830112135794
walking,4426,4450,24,149.02437115539632,32.15864254267196
sniffing,4451,4505,54,28.32990158764034,26.434546569011115
climbing,4506,4565,59,43.326092048559055,52.760176781947
right_turning,4566,4625,59,58.471327014175664,32.446463836698584
walking,4626,4675,49,137.82114042428316,28.994703647614966
stepping,4676,4715,39,85.16826558724551,27.103706267437012
sniffing,4716,4785,69,61.49356081970197,27.895467870499036
climbing,4786,4840,54,40.50853811989655,53.590077890521506
sniffing,4841,4855,14,29.669223716419165,33.51544992308211
rising,4856,4900,44,20.39211559563006,30.155085835738312
rearing,4901,4915,14,53.56582589686247,35.026352358918
walking,4916,4980,64,155.12969085622734,29.023952123111663
rising,4981,4985,4,70.5491135549375,35.020291607086676
climbing,4986,5020,34,72.30094688753638,50.1061523240838
hunching,5021,5030,9,51.92833926068713,34.62607691534242
sniffing,5031,5165,134,32.56085744306992,30.630832963006693
walking,5166,5190,24,104.72775555803996,29.53826085182115
rising,5191,5200,9,53.31840884725219,36.851493999991185
climbing,5201,5260,59,39.9248334514518,52.40734636411219
rising,5261,5275,14,21.601189233710905,29.45022391809812
sniffing,5276,5325,49,47.40501733926969,27.963221544788585
rising,5326,5365,39,21.442713821148697,28.1230962388078
walking,5366,5380,14,51.948998903484956,34.674894290788366
climbing,5381,5415,34,62.54544862474741,48.99914344413912
hunching,5416,5425,9,63.35335646264694,34.1606158680429
right_turning,5426,5460,34,81.73318765980535,34.45459618099215
stepping,5461,5495,34,103.94391325987142,29.028982185803258
sniffing,5496,5535,39,48.56805569262466,28.59858765604692
rearing,5536,5545,9,66.74931264618465,37.87478800420134
climbing,5546,5575,29,61.56530165503878,52.753099322611526
hunching,5576,5630,54,19.696456204304823,33.39619056419762
right_turning,5631,5655,24,64.97237631409367,31.11931629090452
walking,5656,5690,34,142.32272867944704,28.788401713318425
sniffing,5691,5780,89,47.65614764418004,29.05387651241412
rising,5781,5790,9,35.748783632307685,37.358680866071666
climbing,5791,5860,69,31.215212497436017,52.443435567747
rising,5861,5885,24,95.24097130870214,38.0675365246809
trotting,5886,5945,59,255.71846670400657,31.108705167765653
sniffing,5946,5995,49,41.7501697296519,29.15570653205993
walking,5996,6010,14,129.38374218835827,31.363104938639033
sniffing,6011,6120,109,52.87533424072702,29.51671766717501
climbing,6121,6205,84,40.64125923000021,52.551641865584415
rising,6206,6215,9,21.75337157375747,31.642378299840523
sniffing,6216,6240,24,40.21384894102113,32.852591967009744
right_turning,6241,6280,39,81.78241639280887,30.88376231920814
walking,6281,6340,59,125.8134452641902,30.722474022478316
left_turning,6341,6400,59,111.55162914110437,30.280150733577063
walking,6401,6525,124,128.4714285994123,28.668858185593894
sniffing,6526,6570,44,42.53580911659262,29.1650593423616
walking,6571,6615,44,75.79059452653263,29.94624565927487
sniffing,6616,6675,59,46.039820287928514,29.970589428518846
climbing,6676,6735,59,51.71126025937841,54.30904916033161
rising,6736,6815,79,28.221650755934924,35.12858091825673
right_turning,6816,6840,24,88.20151868937884,34.09346433040665
trotting,6841,6890,49,239.98571035622044,32.08690367433009
walking,6891,6930,39,163.16418030643953,29.33676789568611
sniffing,6931,6955,24,37.418768337711874,29.3443284881418
rising,6956,6965,9,43.26494381894952,37.639307971051686
climbing,6966,7010,44,50.72240959477904,54.01456641119053
sniffing,7011,7070,59,80.1060390119794,34.239552489875614
right_turning,7071,7100,29,74.00355583401831,34.25704634820647
walking,7101,7110,9,170.000382146891,27.782032090134454
stepping,7111,7165,54,112.29230829008078,31.47992815507916
rising,7166,7190,24,84.23250254736921,32.35148395442627
walking,7191,7235,44,191.27142891433363,29.307677383955014
sniffing,7236,7310,74,67.25748055221028,27.66069516364228
rising,7311,7330,19,104.57854521445105,34.13955535566771
right_turning,7331,7375,44,92.28761833744714,31.883326488723338
sniffing,7376,7405,29,25.720048639295374,31.03182169199461
climbing,7406,7435,29,48.29408534141145,52.99023464962204
sniffing,7436,7465,29,14.778014962814783,31.31049835801912
rising,7466,7485,19,36.81210493564315,33.364724520326845
climbing,7486,7510,24,75.38378285344302,53.234764550307
trotting,7511,7515,4,206.21560140515734,33.558915404268575
walking,7516,7565,49,201.90952007638865,27.498952761377613
rising,7566,7570,4,37.20793280959158,33.449557374126904
climbing,7571,7625,54,49.453924136655125,48.6915988809774
sniffing,7626,7710,84,20.763239798929106,21.592547491513912
left_turning,7711,7730,19,136.4264008030787,27.99783592771987
walking,7731,7785,54,200.28892508940547,31.364976530938964
rearing,7786,7790,4,33.070016344761946,35.25015606472594
climbing,7791,7850,59,55.648630477930254,49.779178878664695
sniffing,7851,7930,79,29.00533220409462,33.23419208301159
left_turning,7931,7970,39,82.04423600034163,33.98485327116421
walking,7971,8020,49,212.90740499242648,30.882135366562842
rising,8021,8035,14,42.31663355386072,32.32010858731818
climbing,8036,8100,64,45.54728903171587,56.09855768285529
sniffing,8101,8135,34,28.20004601797768,30.514206621665473
climbing,8136,8240,104,24.360962475644065,41.94761319526431
sniffing,8241,8290,49,45.053181767889356,32.71842486401844
trotting,8291,8340,49,240.86752410196888,31.551468220311754
rising,8341,8460,119,64.23618077893634,30.023581896712063
climbing,8461,8545,84,33.02065904649811,45.28479666416253
rearing,8546,8570,24,24.369695448248684,35.317484530603814
rising,8571,8580,9,42.26364812691745,30.620850194919843
sniffing,8581,8635,54,51.01363358689615,33.48277338825509
trotting,8636,8655,19,226.19973401363436,33.2889182815321
walking,8656,8715,59,167.88201089559968,28.721599928515126
sniffing,8716,8770,54,26.35542150171224,29.992859309287628
climbing,8771,8820,49,52.061347915526824,50.78244048000426
rising,8821,8830,9,20.278813589851886,30.714791103068087
left_turning,8831,8840,9,122.98771982869212,30.731045588679393
stepping,8841,8900,59,91.96910308339235,31.239383660402247
trotting,8901,8905,4,220.04841954607406,32.30572882559088
sniffing,8906,8965,59,51.81370131241524,30.108992122066695
climbing,8966,9025,59,50.331776791252885,45.132055138967715
rearing,9026,9085,59,21.93030224680156,33.14869174542233
rising,9086,9090,4,17.547788131131334,31.35969419032029
sniffing,9091,9195,104,41.99565649718228,31.47588030774894
rising,9196,9235,39,57.24317871268031,28.5767051484675
walking,9236,9295,59,141.0273268268543,29.058568213513606
climbing,9296,9430,134,42.38447392379185,48.32114506238253
right_turning,9431,9540,109,72.34252855452873,32.68606052816522
left_turning,9541,9575,34,66.3599495399071,32.489012253913614
sniffing,9576,9895,319,43.83540924957215,28.232024673746015
grooming,9896,9920,24,44.16416266208111,34.49872194023899
left_turning,9921,9980,59,84.88766994277127,29.434742740560772
sniffing,9981,9990,9,55.83525391418133,28.346816059872417
walking,9991,10050,59,159.221656642737,30.155847580214605
rising,10051,10065,14,71.4437459202612,30.21645191645268
walking,10066,10150,84,150.6219375640079,29.82780342999826
left_turning,10151,10225,74,93.05169031455158,29.989356719768292
sniffing,10226,10285,59,39.583262192715885,27.517508526105637
rising,10286,10335,49,22.298331633290935,26.472082555965233
climbing,10336,10395,59,40.71262878910451,52.16420009918477
walking,10396,10490,94,141.950086819477,33.85969009860459
climbing,10491,10520,29,67.52342765481094,52.075538743404614
trotting,10521,10535,14,259.2305419347441,33.356688389569776
rising,10536,10565,29,89.86682409700613,36.87438016162274
climbing,10566,10615,49,44.594696237962225,54.106586859108866
right_turning,10616,10635,19,87.41357866755598,30.413542836089015
walking,10636,10670,34,125.70838998021185,30.3647568863111
left_turning,10671,10690,19,53.25918590034479,34.39920912873564
sniffing,10691,10715,24,39.92423934361879,29.504222423268878
rising,10716,10720,4,59.66633047203734,39.855317986649695
climbing,10721,10815,94,52.88270891967074,51.92140619579866
left_turning,10816,10840,24,131.27028644947168,37.84636058655153
sniffing,10841,10905,64,30.13801472270101,38.03530311644665
rising,10906,10935,29,40.17338777566911,38.0343435045655
sniffing,10936,10950,14,29.48843039600478,34.94662947721334
right_turning,10951,11000,49,62.20070509931309,28.854246385974765
stepping,11001,11050,49,53.98551916850729,29.337465526708034
sniffing,11051,11080,29,49.93490515109928,32.63012563951914
trotting,11081,11140,59,213.25439689824688,30.474945588635574
sniffing,11141,11255,114,49.988446081918504,26.537467013140656
left_turning,11256,11270,14,80.92581553487227,30.42128265877348
sniffing,11271,11455,184,26.692909580067774,30.498339612189433
climbing,11456,11500,44,65.7961445943303,47.08672739175477
right_turning,11501,11535,34,78.27507926036557,29.68462127206087
rising,11536,11585,49,52.9052477086588,24.382491965885627
climbing,11586,11625,39,45.27147116690204,47.635896428996396
right_turning,11626,11650,24,82.09938437520519,32.66771732485914
trotting,11651,11665,14,232.28173743405097,35.81811760148548
walking,11666,11725,59,158.05457312319152,30.573633618344495
rising,11726,11735,9,55.722548558014026,33.50024132509619
walking,11736,11740,4,159.52191858889256,26.854423513622674
rising,11741,11780,39,54.056630654261845,28.53115271057875
climbing,11781,11820,39,46.082776143217124,50.10341765858526
walking,11821,11830,9,169.69283185692507,32.42546108056372
sniffing,11831,12005,174,51.303970478566896,31.413211310172954
walking,12006,12020,14,79.75783316136281,35.02397114920097
climbing,12021,12055,34,36.80516408901517,43.889444241497394
rising,12056,12195,139,63.807498756666234,33.29279634345377
sniffing,12196,12210,14,30.62086316461436,26.736741176654043
rising,12211,12225,14,53.00189735403539,31.11426183920452
climbing,12226,12315,89,52.545877596988575,48.59808266629815
left_turning,12316,12325,9,142.7019002269943,35.8415206975606
walking,12326,12445,119,114.5219926329855,32.01566706746205
sniffing,12446,12495,49,49.477662938648,38.38254440663304
walking,12496,12520,24,186.52617730861672,36.52477262778479
sniffing,12521,12590,69,90.73205035566043,29.552937857700414
rising,12591,12595,4,67.9493631724472,40.45337353460845
climbing,12596,12670,74,40.56459619236873,50.84585928536789
rising,12671,12695,24,47.656865289794524,34.56481730331754
rearing,12696,12735,39,14.209164721959997,37.80821541199143
sniffing,12736,12800,64,31.67487561184175,30.229298028177606
climbing,12801,12905,104,38.166569518693706,44.49854753429575
right_turning,12906,12945,39,123.64933605585323,37.73274092914387
stepping,12946,13005,59,65.35051794414613,29.997274291470386
rising,13006,13030,24,21.776783054416125,31.435242463172827
climbing,13031,13045,14,42.03179454177614,34.41775748374291
walking,13046,13070,24,146.25283762127162,35.21177654009392
stepping,13071,13125,54,100.3739653116828,28.703887553229833
rising,13126,13160,34,25.470034934587908,31.634255776231605
climbing,13161,13220,59,52.00968335930697,51.92400954313918
rising,13221,13280,59,18.412689322647793,35.66585589534279
sniffing,13281,13340,59,14.365835915385356,30.00301205876358
rising,13341,13410,69,32.906002260930904,34.76574233751301
walking,13411,13535,124,143.71111829519538,31.232269013648526
sniffing,13536,13655,119,38.360255415720225,30.064184628711384
walking,13656,13675,19,161.62230490252776,29.69980389351146
left_turning,13676,13730,54,115.14689088439077,28.51129861137413
sniffing,13731,13750,19,24.13559402768428,25.606021660605933
rising,13751,13780,29,23.35630660085584,30.45106467756019
climbing,13781,13830,49,20.14981642826281,37.21637769279064
right_turning,13831,13850,19,120.56631347348105,29.752151388958804
trotting,13851,13875,24,235.57434759113698,30.817211290568615
sniffing,13876,13890,14,41.036198512432485,32.95950570172229
grooming,13891,13915,24,59.66946441919559,35.022291727833014
climbing,13916,13945,29,91.7515620153059,41.68528079255853
walking,13946,13990,44,136.54483245587247,30.94434734820697
sniffing,13991,14085,94,40.23966258903169,29.303085856162937
walking,14086,14140,54,211.68745655994596,29.196049916849983
sniffing,14141,14190,49,38.54033929836734,27.54146796948045
stepping,14191,14215,24,64.6273581382382,27.8935044689704
sniffing,14216,14245,29,46.64559394619191,29.006451152884836
trotting,14246,14270,24,236.37513009781807,27.441165539220343
sniffing,14271,14330,59,92.88080659649755,29.58793419591425
grooming,14331,14375,44,27.887912026153188,35.09332763290267
sniffing,14376,14410,34,18.709203221804156,31.14244556525356
climbing,14411,14445,34,64.35152755047592,45.833834631223866
rearing,14446,14525,79,20.358093986237748,35.479819787133856
rising,14526,14560,34,68.07279079529063,35.605065231657214
walking,14561,14575,14,189.98172553342985,35.78908724467312
climbing,14576,14620,44,50.49373527310215,48.72812054753055
rearing,14621,14645,24,48.58740243958701,38.29382036490902
walking,14646,14655,9,143.27543213585702,38.70178837824786
left_turning,14656,14675,19,108.33310399361967,37.0119188537176
sniffing,14676,14700,24,23.429283847244296,31.514582725651707
walking,14701,14735,34,135.5543640087694,35.65775098854115
rising,14736,14745,9,28.74927060509513,37.69916961346602
climbing,14746,14775,29,57.41174739622631,42.24015563278367
rising,14776,14800,24,83.12818053659798,30.13231096864946
rearing,14801,14880,79,19.421142442718672,39.6838525830468
rising,14881,14925,44,27.67287287098172,36.834986525757635
walking,14926,14935,9,150.400183821742,33.47138326231352
rising,14936,14940,4,68.58277210970735,37.45869723837911
hunching,14941,14960,19,53.16249349575088,44.21727679725351
walking,14961,14965,4,80.95044444833088,31.40982541620658
rising,14966,14975,9,47.12682832129061,37.86764979048193
climbing,14976,15035,59,35.32072965818183,45.13266849594529
sniffing,15036,15070,34,20.383079146387196,27.549049723493624
walking,15071,15075,4,71.24401379030417,39.51138008854546
climbing,15076,15310,234,37.13042686173217,43.51420984616385
rising,15311,15370,59,20.622480941889002,35.78261950833515
hunching,15371,15435,64,40.034897657385315,34.65932438751127
rearing,15436,15445,9,48.56905865833209,35.888435114954
sniffing,15446,15490,44,40.87062576750479,35.79743887959846
right_turning,15491,15520,29,59.558731889230465,34.29553170458607
stepping,15521,15550,29,85.6382725671747,29.867172793608493
rising,15551,15720,169,18.075173407124765,33.634827448528235
climbing,15721,15755,34,25.636037456023583,44.69425819753843
rearing,15756,15780,24,14.977755851938616,39.805948300508454
rising,15781,15835,54,11.599453269911338,37.70546556521672
sniffing,15836,15850,14,39.02248835503137,34.30321694625032
walking,15851,15875,24,172.4554580521975,29.492554875755733
left_turning,15876,15935,59,113.01242049509392,29.489589990369232
walking,15936,15980,44,168.13533574777372,28.241915492509325
sniffing,15981,16040,59,49.7668465252765,29.41231378699577
walking,16041,16100,59,191.57258969044423,30.9117954155123
sniffing,16101,16135,34,25.050583429619646,29.972568543482552
hunching,16136,16145,9,35.166170078149946,35.60998588622016
climbing,16146,16200,54,62.49624313941381,53.513488387988
rising,16201,16230,29,33.88886717764494,33.39938251294664
right_turning,16231,16285,54,68.6764860075795,30.879391478044816
walking,16286,16310,24,155.15409655654065,30.434339981610343
left_turning,16311,16370,59,82.09148235131322,27.836156827431026
stepping,16371,16410,39,87.43000690417236,28.341320056295935
sniffing,16411,16465,54,23.054369345311088,26.113807811689284
walking,16466,16475,9,38.36468201007912,34.938921449677494
climbing,16476,16505,29,55.04969813965679,44.80385412337053
sniffing,16506,16625,119,32.649276112230936,26.19411955179813
rising,16626,16630,4,58.023120616165315,33.43030015533692
climbing,16631,16700,69,51.628190366510196,49.25724995353061
left_turning,16701,16710,9,96.91052482915447,36.74127413086553
walking,16711,16765,54,146.06206984419958,34.105909045068394
left_turning,16766,16825,59,98.85002058427374,29.10063199393662
sniffing,16826,16840,14,29.963184244467755,29.66735036356628
left_turning,16841,16890,49,126.20009909958134,29.00608853784726
rising,16891,16910,19,32.91301622359956,32.12288012501229
climbing,16911,16945,34,50.59518860787065,44.32850821153381
hunching,16946,16980,34,60.28243327033567,36.626880463395025
walking,16981,17025,44,207.09405689608272,31.54119689533902
sniffing,17026,17045,19,36.51925517092779,32.94637955893755
rising,17046,17100,54,52.540956186531474,32.424612328216604
stepping,17101,17140,39,77.86888936642279,26.754220631538647
sniffing,17141,17205,64,43.445971441821264,29.259783979009423
rearing,17206,17225,19,48.01044978796359,36.31205511101912
sniffing,17226,17350,124,35.03023286625441,31.9482201703371
right_turning,17351,17395,44,72.87960531422968,28.735643003483943
sniffing,17396,17405,9,28.962236980473527,30.29149522712075
rising,17406,17415,9,48.88600445198607,34.72424066130049
climbing,17416,17510,94,45.35821864004398,54.49844007246952
left_turning,17511,17520,9,109.9374314239526,35.574880353351105
walking,17521,17590,69,160.6085656716256,33.07931211281753
rising,17591,17625,34,44.526187239068,34.95519274641657
climbing,17626,17685,59,49.313081979367524,51.86209245839431
hunching,17686,17710,24,63.529155285315746,36.64027460339368
sniffing,17711,17765,54,53.00557416130234,31.348884519142853
walking,17766,17830,64,188.78258917088604,30.869582023423884
rising,17831,17865,34,47.69491960269971,34.25967341667566
climbing,17866,17925,59,48.07421729099391,45.403624951571445
sniffing,17926,17980,54,15.66987974608466,31.8517016038971
rising,17981,18032,51,14.817156417813841,31.31478407546884
sniffing,18033,18042,9,33.643661739141116,30.79722056716107
walking,18043,18076,33,129.33761456725261,29.664524034492974
rising,18077,18120,43,59.37145866943853,26.999331643601455
sniffing,18121,18131,10,27.242125917771883,30.073179530379477
right_turning,18132,18152,20,120.6496108261849,27.67106949835845
trotting,18153,18201,48,234.34452101180116,28.163682745878532
stepping,18202,18224,22,44.90537027861044,27.004149134375073
walking,18225,18276,51,186.62041362368913,26.541075665933086
sniffing,18277,18347,70,63.587555526951384,27.978704644677812
walking,18348,18447,99,135.0589264331237,25.90684890540055
sniffing,18448,18519,71,36.58662707803602,25.69440513254257
left_turning,18520,18574,54,118.01479742652654,28.027236734452703
sniffing,18575,18624,49,37.14809768568899,29.26007489490687
walking,18625,18665,40,160.3202118115941,30.11705600434669
sniffing,18666,18757,91,42.760492726750094,28.50012661482894
climbing,18758,18819,61,42.13281350435263,47.32802197840319
rising,18820,18824,4,40.996417754373184,32.98525661363269
right_turning,18825,18848,23,71.7958442610629,31.996113506956863
stepping,18849,18866,17,27.95104463318651,29.757637671286677
rising,18867,18897,30,64.93387809919128,33.56896536283674
climbing,18898,18943,45,57.4112178586222,47.856088644164345
grooming,18944,18967,23,30.36156471116315,37.13183521312799
sniffing,18968,18991,23,50.02876553808925,31.449970482062565
walking,18992,19058,66,131.15158638668518,28.388754866785796
rising,19059,19070,11,32.704189054490506,32.561700938418205
rearing,19071,19073,2,53.17236364935561,39.98411621232068
climbing,19074,19156,82,42.12706536016521,51.42845507481631
trotting,19157,19189,32,264.7822407511767,35.40611245594284
walking,19190,19203,13,154.96196426140935,35.04642509553494
rising,19204,19210,6,53.789252935170886,39.291560992835116
climbing,19211,19270,59,14.590671264138734,41.516919462417064
rising,19271,19316,45,39.496359066388266,35.71304367553844
climbing,19317,19428,111,41.60858844197772,46.91852534569365
sniffing,19429,19527,98,28.221139558974055,29.53223557270711
rising,19528,19538,10,39.21998669472783,30.817475117578578
right_turning,19539,19568,29,61.541208453865565,33.17372747555212
stepping,19569,19619,50,97.44035977444321,34.110810829977154
walking,19620,19673,53,192.0828985256054,28.992854822613502
left_turning,19674,19718,44,96.16453483595298,26.959571138254034
walking,19719,19748,29,107.58557268164255,24.465929897694384
sniffing,19749,19775,26,34.19168202171988,25.338618195547465
walking,19776,19790,14,99.25234233825289,25.57251745772784
trotting,19791,19810,19,209.52017529961986,28.106053469910574
sniffing,19811,19916,105,41.08878064763595,31.756730930638923
rising,19917,19950,33,49.39215663189497,33.246373057576776
stepping,19951,19984,33,83.36296417874063,31.012444368396185
rearing,19985,19999,14,35.729837611088676,41.88484371929707
sniffing,20000,20036,36,59.792691503983455,31.120957116166608
climbing,20037,20069,32,67.84516978071439,48.730548673954026
walking,20070,20097,27,153.23970235298543,31.912165634227186
climbing,20098,20164,66,41.02365814353515,51.37037987000634
hunching,20165,20175,10,41.21334811286479,36.55319621305969
sniffing,20176,20220,44,43.83386142251642,30.60923103908815
rising,20221,20227,6,49.1972460001836,34.840078145076724
climbing,20228,20324,96,50.798237017137815,48.528291713440545
grooming,20325,20345,20,27.44129635196161,37.261602339027526
sniffing,20346,20382,36,42.06080579066171,32.15749169613225
rising,20383,20429,46,79.5280768378535,36.77107634849213
sniffing,20430,20541,111,35.23147232313723,30.047361374994363
left_turning,20542,20571,29,75.85219390645999,28.343148205346242
sniffing,20572,20679,107,42.11076840145084,27.409033596860112
rising,20680,20698,18,20.753553453463166,30.68656254329871
climbing,20699,20745,46,56.27829134446302,52.60142976188907
sniffing,20746,20830,84,26.01767660683736,29.968317995767613
right_turning,20831,20843,12,84.13576670041424,32.481072141704075
stepping,20844,20894,50,88.268834350996,29.94793176981627
sniffing,20895,20941,46,54.060261334566434,31.22486574686229
stepping,20942,20981,39,103.14486801001576,28.79597527084592
sniffing,20982,21011,29,25.350951480519324,26.638526699458126
stepping,21012,21048,36,94.71386374096478,27.087810293696442
sniffing,21049,21086,37,37.08691193743282,27.842931061055406
climbing,21087,21163,76,37.338257628118456,48.5641386974294
rising,21164,21182,18,23.058350830500835,31.443936912084638
sniffing,21183,21219,36,41.309475351711484,31.63618558163579
rising,21220,21279,59,18.837967782492704,36.770748970625874
rearing,21280,21438,158,19.92808957467774,35.22367060893658
climbing,21439,21489,50,20.354384272701154,33.930488331713214
rearing,21490,21541,51,25.065337099957183,37.73534834563473
climbing,21542,21572,30,32.39285036489041,36.15568550389004
walking,21573,21602,29,109.05248389327684,36.12601683817892
left_turning,21603,21641,38,99.84497763067621,29.016867767507485
grooming,21642,21723,81,26.84355456009365,33.69157213960528
rearing,21724,21777,53,21.113867404998423,32.52064933332843
hunching,21778,21813,35,29.711602370171438,33.31452894472686
sniffing,21814,21871,57,72.56948338658201,34.20888149403544
rising,21872,21879,7,22.544373573669407,37.974637239255216
grooming,21880,21929,49,15.526204161154153,35.272150438745456
sniffing,21930,21947,17,36.904799894369766,34.395625804368635
walking,21948,21979,31,142.43200376263553,29.67247597667499
hunching,21980,21994,14,63.110848986212396,33.83278738273804
right_turning,21995,22005,10,216.19220176554734,29.710157978542302
trotting,22006,22020,14,196.08703687954232,25.94706016417529
sniffing,22021,22034,13,23.12310395138723,28.34763682937378
rising,22035,22104,69,25.98073284463239,34.535599614756364
climbing,22105,22142,37,54.11143937758724,50.87835027745121
hunching,22143,22178,35,21.58138165657559,36.30090379060208
rising,22179,22212,33,42.42848606824561,29.006278845092
right_turning,22213,22249,36,77.73511710439266,33.32594148380574
walking,22250,22282,32,181.34737346655706,33.546213078050975
stepping,22283,22335,52,99.70000133996108,27.481002840927765
left_turning,22336,22362,26,87.95511223204379,28.304744577715706
sniffing,22363,22409,46,22.30664540014804,27.920004959416016
rearing,22410,22439,29,23.098372327533095,38.478091162757586
rising,22440,22488,48,14.650184868633785,34.3260739913562
sniffing,22489,22512,23,43.320687172973756,25.899087218663396
rising,22513,22519,6,36.4784996104571,29.365873080158117
rearing,22520,22592,72,27.098784911083992,32.138366682819125
rising,22593,22603,10,76.49571889485615,32.20243156672252
climbing,22604,22642,38,60.86124976782097,51.379595954403214
hunching,22643,22645,2,56.07689670412628,37.306540299170585
sniffing,22646,22759,113,35.39692714965189,25.369133897442413
climbing,22760,22839,79,14.850397929037555,30.731676500410902
grooming,22840,22899,59,17.99703589954778,31.55217335626118
hunching,22900,22919,19,18.13483078893575,31.79232908605028
rearing,22920,22964,44,41.70843352830624,31.739069060729875
left_turning,22965,22990,25,122.23610597351006,33.20799244832373
sniffing,22991,23012,21,76.60325664735525,31.859484228566274
left_turning,23013,23051,38,91.27944992165199,30.112924661995294
stepping,23052,23076,24,81.154462971326,30.60945607359145
rising,23077,23094,17,41.118554910682384,35.30681284035647
rearing,23095,23114,19,16.93050049231145,39.00224286567087
sniffing,23115,23145,30,36.42892892931317,36.6677711429336
walking,23146,23180,34,184.09134489647582,28.02322126856956
sniffing,23181,23300,119,52.06088249615461,27.813478416503084
climbing,23301,23346,45,46.978459065538125,50.1980496677497
sniffing,23347,23411,64,20.540476935263683,28.34108468116559
grooming,23412,23428,16,31.047274178458157,29.95602901717305
climbing,23429,23496,67,59.161275323702725,49.35565308533968
left_turning,23497,23522,25,128.8843838339589,36.4293060042987
walking,23523,23577,54,138.4977992623731,30.083733768843334
sniffing,23578,23646,68,25.989193867695867,28.20700197289361
walking,23647,23663,16,143.05327814880496,27.962038323461478
rising,23664,23692,28,28.97444818175022,30.564202114899043
climbing,23693,24015,322,22.36128690587071,38.40182056499278
rearing,24016,24057,41,22.02389969678514,35.60531620895989
sniffing,24058,24121,63,18.655613573614275,26.435562343122665
climbing,24122,24180,58,17.364646278648383,37.79196391935368
rearing,24181,24296,115,15.652139723770006,34.5779206770664
sniffing,24297,24343,46,14.184219251898103,27.04171326712168
rising,24344,24369,25,17.65096580718181,30.59862186192054
climbing,24370,24429,59,13.980764312210876,35.17568153716076
rearing,24430,24489,59,12.041512915101803,33.57771574605445
rising,24490,24545,55,12.353983673127127,33.54877964141512
climbing,24546,24578,32,20.241725703916554,39.62949938776035
rearing,24579,24585,6,41.14066981609763,36.24382986159462
sniffing,24586,24643,57,29.63348391629086,33.00348281143115
left_turning,24644,24661,17,102.80756661017634,32.75992097384999
sniffing,24662,24713,51,100.16131799153165,33.047599904241046
rising,24714,24724,10,61.92073032778148,36.620865260411
sniffing,24725,24766,41,84.41561990068502,30.987382086414208
walking,24767,24819,52,124.72131008910203,26.942073012097474
rising,24820,24827,7,59.520119017201445,35.918510219972795
grooming,24828,24902,74,17.11160894612908,36.258472257719546
sniffing,24903,24908,5,74.53054289917743,25.13083592570364
rising,24909,24952,43,49.85398944243763,24.57609975867949
sniffing,24953,24968,15,50.62487604887819,21.281630243603622
rising,24969,24977,8,28.900270405980645,28.224314331913636
right_turning,24978,25014,36,62.61774361999526,24.981274666900717
walking,25015,25088,73,151.44480944474154,28.90348554842084
rising,25089,25104,15,83.20725945957318,35.242172722181344
left_turning,25105,25116,11,76.76471735289584,24.489099661453878
sniffing,25117,25133,16,28.259121205271082,25.649728503676304
rising,25134,25141,7,35.38588752524539,29.90769910004841
rearing,25142,25145,3,43.26470780251911,35.10321390811356
climbing,25146,25212,66,47.016148774565764,49.595386306640485
hunching,25213,25222,9,37.979197316878164,36.63611290688963
rising,25223,25275,52,12.867102697126246,33.15855988399542
sniffing,25276,25347,71,20.157032999502988,29.988555798547395
right_turning,25348,25356,8,141.5189250889821,27.698218788148406
walking,25357,25416,59,177.79067937751063,28.670386261217697
sniffing,25417,25509,92,25.191221602065145,29.453827253054897
climbing,25510,25562,52,65.20331390962703,44.16924740811485
walking,25563,25580,17,151.92398915443385,33.72923866460234
rising,25581,25621,40,29.083271914223708,39.032198446881175
sniffing,25622,25661,39,25.612086859919724,29.265056808216592
right_turning,25662,25689,27,79.88244689247828,26.688199458788443
walking,25690,25710,20,111.9472778181381,26.539841575217583
sniffing,25711,25729,18,35.80973674790082,28.360368724812737
walking,25730,25735,5,62.24324169605054,35.952719702001595
climbing,25736,25888,152,53.13904676672162,46.01978467498854
trotting,25889,25943,54,207.3580463715316,29.354616467364092
rising,25944,25983,39,48.28661801899104,27.076532187763792
rearing,25984,25986,2,37.54842803148271,36.73557626911987
climbing,25987,26068,81,48.42152774227383,50.201698949364726
hunching,26069,26163,94,17.18455401799738,32.70792670270788
sniffing,26164,26194,30,28.21996623315753,34.16033056782325
running,26195,26240,45,274.8079301696621,27.95683158358075
stepping,26241,26265,24,47.195900787451166,22.692927636381683
rising,26266,26272,6,49.5656948746704,28.607574526313027
climbing,26273,26329,56,47.704008526610714,48.25108474480869
hunching,26330,26341,11,61.511070974705945,33.982480703026205
sniffing,26342,26416,74,24.806199257388645,28.75343202897017
rising,26417,26454,37,54.65143138672313,33.33831765531282
walking,26455,26479,24,170.99660379406282,29.507925682593413
sniffing,26480,26542,62,48.767284793453726,26.7378647816765
climbing,26543,26592,49,38.02458203525442,54.40326669071474
hunching,26593,26594,1,110.76823380991834,36.3759909301379
right_turning,26595,26662,67,58.169293198353586,31.025068208080825
walking,26663,26754,91,152.1460444497971,25.454663224289412
rising,26755,26769,14,21.703168092463404,26.69256749860004
sniffing,26770,26876,106,25.432025643325428,23.75275350770841
walking,26877,26935,58,204.57406064753332,27.47978168214483
sniffing,26936,26985,49,59.72583591633427,29.91449774024802
walking,26986,27043,57,177.56039388315907,29.7096557418146
sniffing,27044,27098,54,57.181670406523004,26.445787773518514
rising,27099,27121,22,20.496915632050317,26.569023559116417
sniffing,27122,27127,5,25.22169360723525,27.30788623053677
right_turning,27128,27162,34,75.47986012517387,28.396795707897205
trotting,27163,27207,44,205.08566759605864,28.390325116659785
stepping,27208,27242,34,41.04326857081193,31.90793504721706
walking,27243,27277,34,78.98879006041037,29.19474078050848
sniffing,27278,27308,30,17.95761416938549,27.640540434192186
left_turning,27309,27353,44,88.85213891802238,25.389507235209912
sniffing,27354,27364,10,22.81581696813506,24.807079515580803
rising,27365,27375,10,43.17857283746352,28.95889420451118
sniffing,27376,27412,36,35.40137244867521,27.676087910546013
left_turning,27413,27470,57,54.76484355522773,31.630129298917343
sniffing,27471,27486,15,42.4449410593908,29.721159987998753
rising,27487,27498,11,31.043128985464346,32.282342195605494
right_turning,27499,27521,22,98.51163429333079,26.943171852384303
stepping,27522,27562,40,64.73700008286411,26.801249845375757
sniffing,27563,27582,19,41.141934171682976,27.198354772064466
walking,27583,27632,49,121.41840822283183,27.446691699460448
grooming,27633,27670,37,48.193624992177526,30.72091467689367
trotting,27671,27682,11,194.5100739457007,26.527011655329833
sniffing,27683,27720,37,61.901204983614875,29.275104040298174
rising,27721,27744,23,48.89058242411186,30.32526636914687
sniffing,27745,27801,56,25.885848686683016,25.34242187053789
rising,27802,27814,12,26.423372704234126,27.97908049684566
climbing,27815,27851,36,50.62695888003948,48.70657076772387
hunching,27852,27853,1,73.0538120217808,34.145498088684434
right_turning,27854,27862,8,101.78530203081932,29.27066776842683
walking,27863,27942,79,161.23775108265656,28.24810251191679
sniffing,27943,28034,91,40.49468283135133,24.277022998836273
left_turning,28035,28079,44,68.97680845604245,26.178854259707588
sniffing,28080,28139,59,27.24299446344461,27.721308700862284
trotting,28140,28181,41,230.35283509767845,26.75055668860157
rising,28182,28195,13,49.886780817824594,29.526430628290935
hunching,28196,28206,10,35.67139392389102,33.11220156324362
sniffing,28207,28228,21,32.790288500278656,33.73516762484933
grooming,28229,28375,146,19.656247144858114,38.10333325071815
sniffing,28376,28436,60,38.64818055270306,31.992655896069582
rising,28437,28457,20,46.613928709368466,39.51105475599535
sniffing,28458,28617,159,33.827536417823104,29.729976407334153
rising,28618,28639,21,28.509518742196686,31.98448974071383
climbing,28640,28707,67,41.015957237597554,52.74930146171792
grooming,28708,28721,13,79.0741178660732,39.19542389463451
sniffing,28722,28754,32,76.51531072411257,36.83580548286717
left_turning,28755,28795,40,100.13341153093023,30.29761099438143
right_turning,28796,28887,91,57.666943728873804,30.024985792710922
walking,28888,28901,13,187.01492112766368,29.650410716080167
sniffing,28902,28926,24,55.08317414781497,31.132709540213906
left_turning,28927,28959,32,115.58790535254042,28.891214371274966
walking,28960,29022,62,138.0577931170362,26.90668521162133
sniffing,29023,29119,96,28.284922788228197,26.249858804142775
rising,29120,29132,12,31.510771401183813,33.97486803445986
climbing,29133,29152,19,46.9195425341032,49.191183983800286
rising,29153,29154,1,95.79935956352764,33.957602124910245
right_turning,29155,29159,4,93.21043296696617,26.87837161991846
walking,29160,29234,74,178.6154479533523,28.596926358107204
sniffing,29235,29388,153,34.25431276348327,26.878905170040518
right_turning,29389,29442,53,83.98748345097077,29.81773027172664
walking,29443,29502,59,165.8309737356863,28.914762740860567
sniffing,29503,29600,97,24.939082470366753,27.215819202622498
rising,29601,29602,1,52.00584585712298,34.37859999837481
climbing,29603,29655,52,49.437003273869415,51.82946283644361
rising,29656,29675,19,51.382435818412695,36.70316679717957
sniffing,29676,29755,79,22.807664911910965,29.9132632290806
right_turning,29756,29760,4,77.24935258759658,29.33527261612237
stepping,29761,29815,54,102.85843015585687,30.45822511588351
walking,29816,29904,88,146.3949520137047,31.406759830171815
stepping,29905,29924,19,88.85931750497289,28.637098129619023
walking,29925,29943,18,108.06649609022804,27.588088399440824
sniffing,29944,29989,45,41.7161262985476,26.352055237621585
rearing,29990,29993,3,39.87191115252449,34.18711672297392
climbing,29994,30040,46,47.325181098011875,52.42689677648409
hunching,30041,30043,2,83.92063381177982,35.3581026839371
sniffing,30044,30049,5,57.96154882665977,29.689089037510175
right_turning,30050,30070,20,59.211207386866036,29.468802722928093
walking,30071,30095,24,123.721365859613,32.96642506267686
trotting,30096,30108,12,222.85941529031282,31.683252968818106
walking,30109,30160,51,208.4071824141834,29.52066052316493
sniffing,30161,30210,49,27.74323729413568,30.63239023186395
left_turning,30211,30257,46,95.70647733243796,27.175423968180684
sniffing,30258,30324,66,33.526199686965306,28.878288565480275
trotting,30325,30340,15,250.21200064449295,27.18185420662615
sniffing,30341,30370,29,34.89579689683664,27.247431016047827
rising,30371,30408,37,75.45296903367158,28.549066805764536
left_turning,30409,30438,29,127.22583515542055,25.28151800216295
sniffing,30439,30482,43,40.24578647570223,27.47532686090076
climbing,30483,30571,88,57.11228887833503,50.80052262891161
right_turning,30572,30615,43,61.03287764693876,36.2663650453436
sniffing,30616,30647,31,39.80149819429008,38.455943587312554
rising,30648,30717,69,31.973167911058855,35.72220972851313
walking,30718,30794,76,105.92314017823793,29.844103893543434
sniffing,30795,30894,99,15.51705932038421,28.69187640554389
rising,30895,30903,8,40.38240844935611,31.65145725353462
sniffing,30904,30975,71,45.98053921510704,34.05179448479484
left_turning,30976,30990,14,52.71612334772681,31.845576150325616
walking,30991,31045,54,198.6433233010603,28.92778298666957
sniffing,31046,31095,49,35.864908674436194,26.751757419802217
walking,31096,31137,41,106.44200478827514,25.05263814639783
sniffing,31138,31176,38,30.43088419905306,28.746902024101892
right_turning,31177,31189,12,80.97357776793567,27.208143233302103
stepping,31190,31197,7,94.98042418132513,24.984841484769298
sniffing,31198,31222,24,39.00467455001167,25.61672375293819
walking,31223,31229,6,55.20431228883116,36.02109881938967
climbing,31230,31256,26,45.88523901970865,47.18937688103475
rearing,31257,31262,5,69.45626787003879,40.40633820659101
walking,31263,31328,65,155.28258717665338,26.969638684057937
sniffing,31329,31364,35,34.43489300236445,27.628817554214418
climbing,31365,31432,67,50.84660758030092,50.48016681186732
sniffing,31433,31547,114,18.642781285554126,28.84573752590354
climbing,31548,31626,78,48.67779839585554,49.13455021325636
rearing,31627,31646,19,35.53336243661887,35.90098238740849
sniffing,31647,31747,100,55.05568986261177,34.365187917917694
trotting,31748,31796,48,224.97226901170737,31.723539896989386
hunching,31797,31808,11,42.46245442358542,34.38436483091901
right_turning,31809,31820,11,117.28109031386964,27.523197407262263
stepping,31821,31828,7,93.65035317705802,25.209631350265767
walking,31829,31839,10,65.31394360569222,34.12053267305461
rearing,31840,31845,5,55.50764847641907,41.264780920380296
climbing,31846,31872,26,49.82966444689561,49.329396524739515
rising,31873,31875,2,44.77177494151127,39.55279900131779
walking,31876,31911,35,111.72330768355427,32.730251185467374
climbing,31912,32081,169,24.680511034233934,39.59650754884307
rising,32082,32110,28,24.118191369858774,29.910524131351064
climbing,32111,32155,44,42.02745766010366,39.94612556754229
hunching,32156,32188,32,59.60618745683172,36.093785644978595
right_turning,32189,32208,19,52.389464130931266,31.2122047164787
stepping,32209,32263,54,89.097974969494,28.60067815860877
walking,32264,32311,47,174.06338118590682,27.370432684092375
left_turning,32312,32333,21,49.33832913573592,28.190524799500523
sniffing,32334,32388,54,55.91063361366579,28.362870417693475
stepping,32389,32426,37,86.93902242690973,25.54190916667498
sniffing,32427,32480,53,33.85540427353403,23.598141285293714
hunching,32481,32482,1,33.45579575388391,27.293969624619912
right_turning,32483,32537,54,62.14122368621253,25.76483265799626
sniffing,32538,32596,58,38.643573469034806,27.41434798473585
climbing,32597,32617,20,50.90000376317064,41.711456815889086
left_turning,32618,32660,42,92.77279441698055,25.248850816119088
trotting,32661,32710,49,231.55332669678037,27.32758807676667
sniffing,32711,32769,58,26.23475895740281,25.3385341130288
rising,32770,32788,18,41.03869203479453,28.387113676620487
right_turning,32789,32808,19,111.95603947739683,29.0051121222396
left_turning,32809,32852,43,127.97885190329275,25.62862059521713
walking,32853,32909,56,121.22730792266832,24.032574437845145
sniffing,32910,32930,20,46.30278483712628,26.873112496144845
climbing,32931,32950,19,46.02606014595192,38.171503729151794
sniffing,32951,32982,31,17.89429228606821,27.07506860156998
left_turning,32983,33012,29,69.19197457514424,26.28836225691684
sniffing,33013,33057,44,21.814118134587883,26.748336894559007
walking,33058,33102,44,128.80097597782648,26.1499236960164
sniffing,33103,33142,39,22.292400187804596,27.763997006511772
rising,33143,33176,33,18.311200151314164,28.681884191529154
walking,33177,33209,32,139.8644186769659,27.187573584553785
sniffing,33210,33264,54,23.011247277470623,27.62702462855781
right_turning,33265,33316,51,80.13791062608374,29.110495942001226
walking,33317,33339,22,184.0889526337178,28.369473695161293
sniffing,33340,33363,23,41.658713714272324,30.941052444498762
climbing,33364,33423,59,43.623702228385305,53.612679742127426
rising,33424,33428,4,89.68531779864725,34.95444931525746
walking,33429,33462,33,158.5231824322409,29.232869365233817
sniffing,33463,33481,18,31.534633469186712,27.9574943353854
rising,33482,33485,3,48.99149435425484,34.33361312953706
climbing,33486,33529,43,54.08801084158685,49.030783450715994
rearing,33530,33543,13,51.416329541945416,34.010806429469135
left_turning,33544,33552,8,140.40809534222072,32.80074467163479
walking,33553,33565,12,131.11451630967497,34.800524586288255
climbing,33566,33631,65,48.07586845719962,46.5459617556109
rising,33632,33670,38,46.26023126023001,34.13931773327426
walking,33671,33697,26,92.36307468718498,34.57175902381381
left_turning,33698,33730,32,93.8366493456903,36.07368096436331
sniffing,33731,33813,82,73.38994506357334,32.53578921190603
walking,33814,33826,12,172.28101818575922,33.57773138895313
sniffing,33827,33882,55,65.69413821844658,26.31126755502084
walking,33883,33898,15,99.50660607152057,27.036355643889355
sniffing,33899,33931,32,52.73850342448824,29.042771301811218
rising,33932,33947,15,29.11639704885535,32.7281143918281
rearing,33948,33949,1,71.21677912539512,38.85334981763144
climbing,33950,34106,156,21.155255517322907,40.996681628590444
rearing,34107,34156,49,44.78966656301046,35.070441907265185
climbing,34157,34221,64,23.11140069723572,34.15786118545429
right_turning,34222,34248,26,70.22039228695672,31.245584916841064
walking,34249,34308,59,159.07292682802344,31.90990306343428
stepping,34309,34337,28,86.04681027441409,28.028287334770003
sniffing,34338,34386,48,70.81319799199693,24.619153576226456
rising,34387,34396,9,32.43710478806531,28.61522611185987
climbing,34397,34464,67,47.63145878223324,44.23852278842146
rising,34465,34508,43,17.239641931908746,28.47398684354005
sniffing,34509,34631,122,23.44527832763028,28.380448019175073
left_turning,34632,34639,7,147.65865259820833,30.626038188005904
trotting,34640,34696,56,214.61544944950754,25.59969068775087
sniffing,34697,34732,35,21.915654981392414,21.372105711550923
rising,34733,34747,14,42.46849403963752,25.7852750299083
sniffing,34748,35098,350,23.843989527066135,22.674699789018444
rising,35099,35145,46,21.758146576810923,28.451946005794188
sniffing,35146,35393,247,28.727605696831617,27.912865118391355
left_turning,35394,35401,7,71.6180632710448,27.681309290432388
sniffing,35402,35671,269,38.57401588094357,23.96000996052597
rising,35672,35694,22,23.878391597753968,25.06840873630371
climbing,35695,35719,24,18.25769935686498,31.54866562343381
grooming,35720,35868,148,30.008285510851024,29.134155149202666
sniffing,35869,35915,46,23.156803048788156,24.344134036806693
grooming,35916,35959,43,17.970381007997517,28.34637954496859
sniffing,35960,36000,40,19.91469527104441,26.120451784063974
grooming,36001,36055,54,28.925682581038707,28.0395376316788
sniffing,36056,36140,84,40.99667218354697,25.696410465786222
grooming,36141,36200,59,39.519823047860335,28.555909321499772
sniffing,36201,36250,49,35.119239137227225,22.896173638509502
right_turning,36251,36310,59,48.222591175336696,25.08769504187098
sniffing,36311,36370,59,16.872603061165723,32.1612476349326
hunching,36371,36620,249,17.93283318557791,32.01886281347137
grooming,36621,36730,109,24.882560648431593,31.264660349263323
sniffing,36731,36850,119,23.567744023551995,31.71346616741283
rearing,36851,36905,54,21.812249260286187,30.85215548995049
grooming,36906,37205,299,24.812565696477456,31.751853852998252
sniffing,37206,37250,44,28.926925755758774,31.257937608689847
rising,37251,37320,69,24.301678740613767,29.995521616814383
sniffing,37321,37375,54,23.306936327016704,32.16795403987007
hunching,37376,37430,54,20.71303930106365,32.3641349668209
rearing,37431,37575,144,17.05351182978809,32.991258143585846
grooming,37576,38820,1244,14.338545928644717,31.299127327985328
sniffing,38821,38880,59,18.13887012548524,29.423863845008437
grooming,38881,38970,89,22.24241654220981,31.397276396887396
sniffing,38971,39072,101,36.14154166985002,27.338516284352412
left_turning,39073,39116,43,57.8271899403805,27.949658242304725
walking,39117,39127,10,143.18213335214384,31.701617919845418
left_turning,39128,39150,22,125.73957203128177,29.400734164708275
sniffing,39151,39231,80,54.29640075076611,29.02815012020586
left_turning,39232,39292,60,62.478580344226714,30.266937856523178
walking,39293,39334,41,165.20544924379928,27.924077051102422
left_turning,39335,39349,14,92.33726225099464,26.149480134773576
rising,39350,39411,61,28.01438670329549,26.335376504213407
right_turning,39412,39445,33,70.1506593783744,29.313437018746036
trotting,39446,39481,35,208.71970190877607,27.977047351604735
walking,39482,39516,34,104.35777684886274,25.140652272603898
sniffing,39517,39541,24,40.08315905220928,24.15980595730521
climbing,39542,39606,64,46.853423742583814,44.26167115305744
right_turning,39607,39644,37,73.73332821868064,29.231962062304063
walking,39645,39789,144,141.36685594622935,29.500118723614978
rising,39790,39834,44,60.73948107141689,34.62647768701306
climbing,39835,39879,44,18.2544076087008,40.731329300590005
rearing,39880,39909,29,31.64753011921334,39.04466836163207
walking,39910,39924,14,84.12178319259547,33.07682032261349
rearing,39925,39964,39,20.45575725805793,41.08782346411992
walking,39965,39999,34,64.98367862033656,30.14599965269108
climbing,40000,40109,109,16.885612281262137,40.66286117079341
rearing,40110,40154,44,24.882397013160485,37.933247907030754
rising,40155,40229,74,25.650394278109285,33.39932659867775
climbing,40230,40304,74,45.02070076127506,43.92540827108848
walking,40305,40349,44,186.8476036461552,32.03562821276117
sniffing,40350,40474,124,41.799167681113126,25.689190392845727
climbing,40475,40519,44,35.858492414650236,46.44842916029493
sniffing,40520,40638,118,39.884661871696046,27.08655896336507
walking,40639,40699,60,157.3845549923607,31.6088787785547
stepping,40700,40726,26,84.4485095483298,28.813817135950362
walking,40727,40775,48,107.8182762230567,34.15611936642273
rising,40776,40785,9,43.07192254878022,34.54229437378268
climbing,40786,40830,44,49.19974186542243,47.75099117654616
sniffing,40831,40880,49,51.60213229764335,31.683322966971343
walking,40881,40901,20,156.24287279488098,29.020696585955193
stepping,40902,40983,81,90.20357131195439,28.768432196343454
sniffing,40984,40999,15,35.71692471240473,32.07781168679463
grooming,41000,41059,59,17.950401992718078,38.71628587043593
climbing,41060,41239,179,39.762903438100736,42.50162986620303
rearing,41240,41249,9,23.980355784451948,34.644931652531355
rising,41250,41294,44,37.098797211467314,31.448836282237476
rearing,41295,41334,39,34.914932771983004,39.626846162773276
climbing,41335,41394,59,56.521645330366894,42.795692597878954
right_turning,41395,41414,19,110.68621310502226,32.013113398672445
trotting,41415,41472,57,260.44585413432554,31.595757606430347
rising,41473,41507,34,54.79293930039977,27.05916962503523
sniffing,41508,41562,54,29.88228215591648,26.982050451913207
climbing,41563,41742,179,50.6644631849096,44.432410131979424
hunching,41743,41752,9,69.33158823572931,29.76341348811668
right_turning,41753,41772,19,87.51569860628999,28.384614342768266
sniffing,41773,41857,84,21.576949131298193,26.818483960914545
right_turning,41858,41900,42,65.71707772365701,28.281620219396345
stepping,41901,41941,40,73.01996790791162,30.5055459793725
sniffing,41942,41989,47,37.25726419129327,26.005528457852773
climbing,41990,42014,24,43.618784128859325,39.941193605248394
sniffing,42015,42044,29,25.040803972619425,28.612182301092368
walking,42045,42096,51,148.87717415468094,24.891992147531145
sniffing,42097,42126,29,27.486894715055364,23.496028911841673
left_turning,42127,42169,42,80.48063916286478,25.93523235940124
trotting,42170,42182,12,198.1901559643032,26.489461192444082
walking,42183,42213,30,197.5530142123304,25.16425183157015
rising,42214,42258,44,32.526380763233064,24.92862002687919
climbing,42259,42318,59,41.320749507920056,43.04863584240841
sniffing,42319,42338,19,25.15067564370951,31.96160216220622
stepping,42339,42355,16,79.91328487131057,26.944633457975847
trotting,42356,42372,16,249.94392389467654,26.736079701942245
walking,42373,42407,34,160.07791015549031,27.886150195381315
rising,42408,42448,40,82.40467730892281,29.961385717555213
rearing,42449,42473,24,40.519203194506915,37.269497889116046
rising,42474,42488,14,46.79220095054952,30.267612406733573
climbing,42489,42538,49,19.632581407254566,37.660785791266576
rising,42539,42553,14,55.833908654729306,31.447553562696566
climbing,42554,42628,74,48.2611833777409,49.555638012232954
right_turning,42629,42680,51,81.61175354381768,27.919570062854635
sniffing,42681,42712,31,53.522159254057144,27.779279624512874
rising,42713,42772,59,19.052079994323655,34.706135588494455
walking,42773,42806,33,159.49618106027944,35.4193893055664
sniffing,42807,42861,54,86.74329718358415,31.048148585742698
rising,42862,42871,9,62.34052824916417,36.71146318094607
hunching,42872,42896,24,33.932633116658735,40.53214653599984
rising,42897,43006,109,21.270751577493733,29.741609172730612
walking,43007,43053,46,161.8562806586875,30.635545700955937
rising,43054,43091,37,65.7679793315037,26.08896833741091
climbing,43092,43141,49,45.66406651885909,41.88358506976283
right_turning,43142,43147,5,163.54493826668923,26.302763152236196
walking,43148,43175,27,165.27759673335098,26.722926567028587
left_turning,43176,43231,55,75.947534252173,24.909570434806785
walking,43232,43251,19,175.35867220083068,24.028714664507962
sniffing,43252,43311,59,34.92126711744857,25.1846004041555
rising,43312,43371,59,16.439275597301837,29.15760832110608
right_turning,43372,43386,14,84.94426152742149,28.296639822573038
stepping,43387,43396,9,114.97104675892089,31.66478459848371
running,43397,43405,8,319.2876205872228,31.737830964497878
walking,43406,43453,47,180.0446669586942,26.406223485690173
sniffing,43454,43478,24,34.16405889525651,25.526014244089605
rising,43479,43493,14,25.78900614208506,30.49379994631926
climbing,43494,43573,79,46.13158918453543,45.90982307475559
rising,43574,43623,49,20.205344435034345,29.10912937249986
sniffing,43624,43653,29,63.26341714951389,30.570898528060486
walking,43654,43686,32,185.50698952610665,32.117287609096806
right_turning,43687,43731,44,66.92855334491978,26.472771025265235
walking,43732,43751,19,165.8299554990709,27.228083363631846
right_turning,43752,43766,14,69.62956898558835,29.319033003546203
walking,43767,43827,60,164.46608243229633,27.229475026570316
left_turning,43828,43847,19,107.57216174699053,23.44706183068111
sniffing,43848,44027,179,33.538305990063925,24.856237432276853
rising,44028,44048,20,38.65792906579537,25.90216824514134
rearing,44049,44103,54,29.627968349367837,35.031340056631876
climbing,44104,44158,54,36.81160534178903,49.1278236724972
sniffing,44159,44178,19,19.454399317991314,24.79726851876599
climbing,44179,44223,44,36.17526954881136,36.534699795644094
sniffing,44224,44253,29,24.40660288482401,27.539239443367187
climbing,44254,44313,59,48.30293499146595,43.893122234154326
right_turning,44314,44373,59,67.2830000848343,32.2232216916154
rising,44374,44399,25,48.4670781052226,33.770789453897514
sniffing,44400,44444,44,28.704764161873516,34.216935737821416
left_turning,44445,44465,20,86.12945279580882,27.321251545797992
sniffing,44466,44935,469,44.32513982162682,25.202121625285923
running,44936,44949,13,280.85206644294675,28.727478160614673
walking,44950,45007,57,118.24588340790291,29.1318294257076
climbing,45008,45102,94,18.710893951653397,39.79036799258607
sniffing,45103,45137,34,35.52371938760342,26.684031523855687
climbing,45138,45217,79,34.97107096737322,39.30692473989764
grooming,45218,45257,39,35.45655782794075,34.952550407004
left_turning,45258,45266,8,73.8980135047768,27.630257294938033
sniffing,45267,45284,17,41.663583009601915,29.075548393592946
rising,45285,45304,19,34.85632973082013,36.43338984483034
climbing,45305,45359,54,58.79740539691384,50.06173008450904
left_turning,45360,45409,49,65.34059545301878,36.13570536767677
walking,45410,45449,39,165.60215108119874,29.540010286049256
left_turning,45450,45462,12,66.50467592103733,26.86386677203722
sniffing,45463,45505,42,47.06079335832207,26.351791012618595
right_turning,45506,45514,8,57.29007830183528,24.605292909437885
sniffing,45515,45715,200,23.923584878152585,23.843402582124924
rising,45716,45895,179,13.381036950496194,26.776583493752508
sniffing,45896,45955,59,25.59021110886899,29.240709672660433
rising,45956,45970,14,18.744037105220322,29.729662302159788
sniffing,45971,46086,115,40.263712162338855,29.30795319685199
walking,46087,46102,15,115.37047370491786,27.164277754322164
sniffing,46103,46147,44,41.87483461643449,30.221318594607087
trotting,46148,46164,16,265.57897632476795,32.429580369843144
sniffing,46165,46224,59,24.660247867052544,30.230360806801375
walking,46225,46272,47,121.74491648062019,29.236331232326478
stepping,46273,46300,27,88.71896696400275,25.092119447887104
sniffing,46301,46409,108,33.72886134551208,26.95860375690115
climbing,46410,46514,104,31.70951007583342,41.6917713083336
rising,46515,46639,124,19.6400579056694,27.575652296952565
sniffing,46640,46800,160,29.844914101905523,27.083745268421225
pausing,46801,47101,300,14.322911143206152,29.84624918076747
sniffing,47102,47230,128,15.862178894191757,30.02121623001313
rising,47231,47250,19,22.548210517146025,34.36600656183256
sniffing,47251,47490,239,25.31973669957789,33.60357324428896
rising,47491,47535,44,17.27365865275955,38.865616093106524
right_turning,47536,47581,45,68.09734510021507,34.34592204555056
left_turning,47582,47590,8,116.68445157357188,30.053478893921312
walking,47591,47626,35,125.69075854689979,26.590563716505503
sniffing,47627,47734,107,16.499850395923332,23.355984678793792
rising,47735,47798,63,40.59006996196099,29.366777340194677
left_turning,47799,47822,23,102.22514042253755,27.908751253062984
sniffing,47823,47880,57,53.54455025416785,28.723076945818107
walking,47881,47953,72,143.6173715301561,25.978260865499745
sniffing,47954,48017,63,61.00733861485952,26.91873099227807
rising,48018,48047,29,22.57131495090436,28.94243667393611
right_turning,48048,48067,19,65.18871187055257,23.996412481992646
walking,48068,48080,12,101.92702908565774,22.740149548433408
sniffing,48081,48310,229,25.74305591617402,23.725400105489186
walking,48311,48336,25,137.3831626099908,27.6371533082796
stepping,48337,48373,36,52.67384774650443,28.693718558109104
trotting,48374,48423,49,256.520927531788,29.446602003033078
walking,48424,48451,27,174.35893900298507,28.796312137248112
trotting,48452,48470,18,264.8614582618294,29.576509638817075
sniffing,48471,48514,43,41.43611968307928,30.513654438333223
walking,48515,48537,22,170.75586956260616,27.533601426601173
sniffing,48538,48608,70,44.267639672036275,25.41249270099063
walking,48609,48616,7,141.0714536618755,26.142620761371703
sniffing,48617,48661,44,27.31454846322177,26.43522154088502
walking,48662,48681,19,184.69778185725596,27.227402129933523
sniffing,48682,48729,47,50.784482701926486,26.434314242886177
climbing,48730,48809,79,36.37347184320577,38.46254716061169
sniffing,48810,48868,58,28.24474719305117,29.13024636961578
walking,48869,48900,31,165.87686932186915,27.5681828146865
rising,48901,48930,29,44.24460415322093,23.93201046594209
climbing,48931,48990,59,42.37150649490476,36.6000473907492
sniffing,48991,49020,29,20.249391206131254,27.401895608311555
right_turning,49021,49077,56,82.10540873258427,31.64146995918123
sniffing,49078,49134,56,25.045700685778073,33.262258975686166
walking,49135,49160,25,111.93468377437605,30.544309585596697
left_turning,49161,49218,57,85.32677149419625,29.851087073524432
walking,49219,49240,21,177.2128139471636,25.599823031224286
sniffing,49241,49280,39,38.85409833900662,26.67125644736193
left_turning,49281,49290,9,136.52492119125372,24.625612627529968
sniffing,49291,49317,26,38.70814841567375,25.915583533388297
left_turning,49318,49461,143,89.63008834366846,29.634577101230313
sniffing,49462,49516,54,51.65381064199137,29.81203336299971
walking,49517,49544,27,157.48780558361187,27.82320353759143
sniffing,49545,49612,67,48.203646250758005,28.53483733985287
walking,49613,49619,6,95.08356198968977,25.410148740321738
left_turning,49620,49672,52,83.73272617934394,25.163228012908313
sniffing,49673,49732,59,37.780069720448196,27.115026970917164
stepping,49733,49760,27,93.688568284905,28.07486648563739
sniffing,49761,49816,55,59.76862259827351,26.086688742412807
left_turning,49817,49874,57,90.71638534540521,27.611057228000092
walking,49875,49897,22,187.64079021403614,29.875100665448546
stepping,49898,49923,25,92.01724819661118,28.9380659626146
sniffing,49924,49953,29,100.86303260821153,33.62338514534182
walking,49954,49985,31,175.71915270131672,27.949317951625915
left_turning,49986,50019,33,97.83548245424089,30.530192051138723
walking,50020,50046,26,171.84175694909223,27.15940943121583
sniffing,50047,50083,36,90.70361950332094,30.461163333786033
walking,50084,50100,16,136.38175923664284,26.813184682768004
sniffing,50101,50133,32,69.84911917065006,29.845189091607935
left_turning,50134,50181,47,74.82688727969712,31.174538793176747
walking,50182,50196,14,186.94223483543632,29.102509086276793
left_turning,50197,50235,38,110.94194693470399,27.79323900833515
sniffing,50236,50313,77,30.127702025802673,24.27217522930083
left_turning,50314,50343,29,86.05018578665914,31.441471326134188
walking,50344,50376,32,154.73921750246262,32.74337823964584
trotting,50377,50402,25,255.19832323378358,28.814337760191563
walking,50403,50415,12,211.59131757384628,26.009879075137675
left_turning,50416,50451,35,96.34117338985159,30.785428039505014
trotting,50452,50474,22,200.70709777456946,29.02690764484958
sniffing,50475,50536,61,75.53331284702433,29.81225621231847
trotting,50537,50566,29,217.29753253891346,30.505967066682192
stepping,50567,50582,15,76.53845280455056,30.625834387803593
left_turning,50583,50617,34,79.91566256686467,32.687622318734114
walking,50618,50642,24,100.41169736959564,29.98261164738189
sniffing,50643,50678,35,35.387945967585964,28.110107971135264
walking,50679,50689,10,173.38787552699497,26.48211126098429
sniffing,50690,50723,33,80.77703795811533,32.00141169814915
trotting,50724,50740,16,219.27572368119522,27.92685189044662
left_turning,50741,50763,22,103.7351389591843,30.03162722502386
walking,50764,50778,14,150.4939741000894,28.68108840441997
sniffing,50779,50814,35,79.23771575524601,29.798908249839737
left_turning,50815,50829,14,61.07795189316149,32.59928462538288
sniffing,50830,50863,33,83.24241159496707,32.98777322411633
stepping,50864,50880,16,37.81200021661374,25.0011498138107
left_turning,50881,50906,25,89.37078766859418,29.25775060551238
walking,50907,50929,22,184.05885579194282,31.230641420034086
trotting,50930,50943,13,233.0887193720202,30.131022398744175
walking,50944,50989,45,116.78689872981465,30.34496096215418
left_turning,50990,50994,4,107.88610904187547,28.480793964802547
right_turning,50995,51039,44,65.61909189996305,33.93877740947463
left_turning,51040,51062,22,130.88056711414353,29.37748712668615
trotting,51063,51080,17,211.16842154785635,25.066297877706276
left_turning,51081,51143,62,116.38783205199985,28.338028116150923
walking,51144,51180,36,85.20901307680393,28.99776535690367
sniffing,51181,51215,34,34.18236760509005,27.469503034635697
climbing,51216,51270,54,26.977992480771146,42.328806326879466
rising,51271,51285,14,41.08149700257306,28.337507282664042
right_turning,51286,51301,15,116.51491059275692,30.049000183084623
stepping,51302,51332,30,131.49843942659263,31.22340658375096
walking,51333,51362,29,194.66408139682227,32.46489084109801
trotting,51363,51409,46,220.06977744448844,28.569132050511072
left_turning,51410,51433,23,100.04782956790416,29.617023233936546
walking,51434,51456,22,107.30812986051795,31.311902409884848
trotting,51457,51482,25,210.22696997206555,27.950570553133836
sniffing,51483,51684,201,33.79359990216648,23.17548932597799
climbing,51685,51739,54,54.57171126530305,44.33203825199968
left_turning,51740,51778,38,120.44472817944678,28.716184832775753
trotting,51779,51800,21,230.4108406507444,29.020241450218762
sniffing,51801,51840,39,45.8708376856731,26.46227701234435
trotting,51841,51854,13,193.0152383340108,26.325158136389202
sniffing,51855,51983,128,33.83499526442755,28.07108841599124
trotting,51984,51991,7,206.066348538839,31.044846342917886
walking,51992,52014,22,113.75852850053793,27.39839662606989
trotting,52015,52040,25,214.61976412803926,29.36805249136159
left_turning,52041,52064,23,126.76426731129074,27.290282214986963
rising,52065,52115,50,34.012090929569126,27.053447364629623
climbing,52116,52150,34,56.174286800834615,48.31499319034855
rising,52151,52170,19,47.43075982742631,30.41986110716058
walking,52171,52235,64,189.99363588156214,29.262270528990292
sniffing,52236,52242,6,64.05300627579594,29.121579024461425
rearing,52243,52267,24,43.161433103654424,35.207244649653084
climbing,52268,52317,49,47.267995760961284,53.36966729554027
sniffing,52318,52327,9,49.84380566180549,29.065148432015736
right_turning,52328,52338,10,132.61210587005115,30.119798002376047
trotting,52339,52376,37,258.42804942010645,31.787766107721126
stepping,52377,52404,27,79.51247529827927,30.763867110333024
walking,52405,52416,11,134.2118871473948,26.33030819193699
stepping,52417,52454,37,43.29026490743075,25.084688248174167
sniffing,52455,52511,56,28.429394245138273,27.09302475708911
walking,52512,52523,11,132.2822387666674,29.613102960415617
stepping,52524,52569,45,74.54466224974831,31.056958857161312
sniffing,52570,52588,18,39.49121861112013,30.730161998078504
walking,52589,52620,31,188.42785670624212,28.174729169830858
left_turning,52621,52671,50,86.71761225550465,25.584239213718373
rising,52672,52717,45,44.65458165190961,25.972952196840712
climbing,52718,52837,119,34.9555281369887,49.926626095850494
right_turning,52838,52857,19,58.50686478405885,30.08869116470878
stepping,52858,52899,41,115.70983769715743,30.674834862073183
running,52900,52928,28,281.1546412334965,26.930923020414767
sniffing,52929,52943,14,50.56541686822403,25.739725416616427
left_turning,52944,52991,47,70.1298879980341,27.32190014856035
sniffing,52992,53041,49,27.501561195922104,29.628493649160212
left_turning,53042,53048,6,108.62050373487516,29.430079598375016
walking,53049,53112,63,153.65735966227922,29.693500071610053
sniffing,53113,53146,33,74.6883067005119,28.98491934022897
walking,53147,53177,30,146.55147760924305,28.080434994886097
left_turning,53178,53198,20,82.53167929162701,26.342777175103596
sniffing,53199,53241,42,53.19829005697819,26.685290791203045
right_turning,53242,53260,18,58.594780141307396,26.308650048780102
sniffing,53261,53291,30,41.2409903807253,25.13629705098641
walking,53292,53396,104,117.92132518722728,29.88545573399032
sniffing,53397,53447,50,59.72191462458761,28.363286672857775
climbing,53448,53497,49,46.90961185704495,51.47212504798671
sniffing,53498,53542,44,27.287737522421715,29.63549493578689
rising,53543,53587,44,20.478249679287696,27.937254235631706
sniffing,53588,53647,59,28.15224259768733,23.578598102651657
rising,53648,53667,19,25.41518338599706,29.50753000492199
climbing,53668,53727,59,31.560146491411462,40.366601128458086
right_turning,53728,53732,4,60.63550551780308,30.37945265209077
walking,53733,53824,91,127.95631558918627,29.225272293000682
trotting,53825,53832,7,209.92561688960976,27.82822746187644
sniffing,53833,53959,126,27.5131244354401,26.032411009369174
climbing,53960,54025,65,49.1443275711346,43.50408925230255
right_turning,54026,54029,3,110.37448801294352,29.176525143161786
walking,54030,54114,84,159.90678335841784,26.151286529388273
sniffing,54115,54202,87,27.98058584354899,23.260412818731762
climbing,54203,54302,99,42.613579014835196,44.42649517282676
rising,54303,54312,9,36.33457331845895,32.34682226832793
sniffing,54313,54386,73,16.89777036986932,25.591178200665023
right_turning,54387,54400,13,73.78475528496719,23.763004538085713
trotting,54401,54425,24,231.47381935878795,28.47007919765234
walking,54426,54457,31,182.78032629765826,28.782037856299183
sniffing,54458,54501,43,34.30451176074809,25.872411169590876
rearing,54502,54521,19,26.739306788752636,33.537245559395714
climbing,54522,54571,49,56.00181412003267,49.43140881313542
sniffing,54572,54651,79,43.95695214936341,30.84541612705206
left_turning,54652,54681,29,84.55064188137976,33.13341069243152
walking,54682,54718,36,97.2589752114362,32.800951668980865
trotting,54719,54748,29,196.70580212483733,28.098068161842843
walking,54749,54783,34,137.6552753057596,25.91387232997998
sniffing,54784,54809,25,39.52082656909439,30.176929933315606
left_turning,54810,54869,59,72.2469595075443,35.55681388337176
stepping,54870,54877,7,111.06126602787587,29.826984022587453
left_turning,54878,54905,27,104.85390528567157,26.438718335445923
sniffing,54906,54980,74,54.85175669930064,28.818907614102095
walking,54981,55026,45,170.92472740630373,30.229179944356073
sniffing,55027,55085,58,31.661566536100473,33.32753906939175
left_turning,55086,55098,12,104.58406778519799,33.35398251862895
walking,55099,55133,34,160.5005087693046,30.393318286451528
left_turning,55134,55178,44,98.3524423537966,31.607833626733278
sniffing,55179,55223,44,60.672286025286795,30.898339742463904
rising,55224,55238,14,23.507854551754253,33.58690124674786
climbing,55239,55323,84,40.434604177074995,47.57886870553606
rising,55324,55348,24,50.3408987203741,36.54331321008454
grooming,55349,55383,34,19.542869960868593,35.62493135004543
sniffing,55384,55443,59,35.00369439493535,33.86958079360757
left_turning,55444,55489,45,104.775701211797,28.714329731171475
walking,55490,55537,47,149.12537519238995,29.629645357178845
sniffing,55538,55592,54,32.614609463443955,27.23073809930038
left_turning,55593,55632,39,91.47639783728948,28.408293790229283
sniffing,55633,55693,60,24.834846084707838,30.258942867483412
walking,55694,55735,41,168.69258242399528,32.15340902837447
sniffing,55736,55810,74,56.866356062321415,27.143637175870044
climbing,55811,55885,74,43.91117665514889,51.825835412865736
hunching,55886,55890,4,44.66573666185315,34.73834386667553
sniffing,55891,55963,72,35.0148018529755,31.474639377733677
walking,55964,55986,22,166.09829046639675,33.99288276230514
trotting,55987,56032,45,205.75803170669698,29.98609290287663
sniffing,56033,56083,50,68.7931145402112,29.82330489841817
left_turning,56084,56108,24,65.66193926619582,32.33652450768673
stepping,56109,56139,30,109.96772654878501,26.871530879411786
rising,56140,56151,11,30.03478616162603,28.955922057360684
rearing,56152,56161,9,40.71471974482766,34.80176359419242
climbing,56162,56221,59,26.989795540559683,35.95739377630654
rising,56222,56271,49,62.70741533750511,27.259870942121537
climbing,56272,56361,89,36.6749518717075,39.35533898881661
grooming,56362,56406,44,22.90751956260863,31.799278752685105
sniffing,56407,56436,29,19.220339831771543,26.652179867866224
grooming,56437,56471,34,28.917282693507044,30.68928558483715
sniffing,56472,56657,185,32.708351943516334,26.909550544398826
left_turning,56658,56702,44,70.5279849296579,29.250067221758016
walking,56703,56743,40,154.85621711004077,29.99058367054822
sniffing,56744,56786,42,51.24019749067182,31.71750983213682
stepping,56787,56836,49,110.10597337692033,30.237655369507124
sniffing,56837,56885,48,25.859535174934337,27.05511313086752
rising,56886,56915,29,45.99212778375262,25.57817688936196
climbing,56916,57045,129,33.56570204300172,39.63042265696735
sniffing,57046,57077,31,46.54916248097243,32.429734905731365
walking,57078,57129,51,120.47388164685184,31.547005989381994
stepping,57130,57164,34,120.73559841869935,29.472853103881185
sniffing,57165,57180,15,68.1146278455796,24.54166384495723
stepping,57181,57188,7,76.18546582865824,29.895403372944774
rearing,57189,57243,54,65.1942498684111,36.492570793801185
climbing,57244,57303,59,45.56488985838928,55.608776158512846
rising,57304,57358,54,28.89646169453957,38.02750430313608
left_turning,57359,57368,9,108.05359861340443,32.318746483832754
walking,57369,57386,17,136.29909346637137,39.77125055802408
left_turning,57387,57425,38,76.81142245555375,33.68227326730014
sniffing,57426,57476,50,28.748735784358164,28.657890080053583
left_turning,57477,57521,44,83.06941280491189,29.229364394205728
sniffing,57522,57615,93,20.419299177862737,28.867209262071302
left_turning,57616,57649,33,67.37876118858702,26.797981546578363
sniffing,57650,57746,96,34.53668506058574,28.434254572319418
walking,57747,57816,69,121.37370368073726,28.846626118207602
rising,57817,57826,9,59.00127050294094,34.460677648964214
climbing,57827,57966,139,40.64579269677437,53.15301185740613
hunching,57967,57991,24,54.10584461028722,32.185439676708555
right_turning,57992,58004,12,128.42145537651226,27.591035022955673
walking,58005,58026,21,138.95813619803883,32.6340676199259
rearing,58027,58031,4,41.28113187831926,35.14731422947809
grooming,58032,58146,114,24.293814899422397,34.251852733953314
rising,58147,58173,26,73.71969744073364,30.83550093198133
climbing,58174,58308,134,20.68845674614371,36.389402090208236
rearing,58309,58358,49,13.206661238443862,34.371299500447236
rising,58359,58403,44,11.338831873846088,31.92128290012234
sniffing,58404,58459,55,29.29836750895212,26.651326476458724
climbing,58460,58509,49,37.028711024960806,39.423918963507234
right_turning,58510,58522,12,88.39080181910533,29.514498455693914
sniffing,58523,58538,15,40.58195304610228,27.22054004470494
walking,58539,58594,55,184.3499310664312,28.8406421180259
sniffing,58595,58660,65,28.98626960640794,27.486866724202557
hunching,58661,58665,4,53.678459645178975,36.27101295096333
climbing,58666,58745,79,42.708534843228996,52.91375577877015
rising,58746,58750,4,26.741420163929128,30.415029727153417
sniffing,58751,58782,31,44.21623764008595,28.423536489539032
walking,58783,58989,206,158.3554084422307,28.66347550025924
sniffing,58990,59032,42,54.08637000333792,26.9039516293634
right_turning,59033,59099,66,80.54696276816114,28.756806902927757
walking,59100,59143,43,124.83389518981723,30.222902337121116
stepping,59144,59184,40,111.97856409288947,32.76601276446517
rearing,59185,59209,24,38.661979847993116,38.68357053470029
sniffing,59210,59256,46,55.22965367616937,33.578403835991224
climbing,59257,59281,24,33.55235674300323,43.282042017308385
sniffing,59282,59286,4,69.90476985429841,36.47992409722802
left_turning,59287,59319,32,97.69030508071009,32.055565221089964
rising,59320,59344,24,54.280673939786084,33.166617457593624
walking,59345,59400,55,123.36883226253381,28.156106177390228
sniffing,59401,59412,11,29.749026563918278,28.64755248220719
rearing,59413,59492,79,17.709436225498866,33.01582935078561
climbing,59493,59527,34,46.53914432086814,46.854153231623606
hunching,59528,59557,29,32.47867608002959,36.08282683541797
right_turning,59558,59577,19,55.02154440942801,32.048759276098366
climbing,59578,59637,59,43.89042141890286,44.175061108347414
grooming,59638,59692,54,18.1854274601044,36.08293527379034
hunching,59693,59717,24,20.295740899089303,34.994139266456656
sniffing,59718,59792,74,41.61622401679693,30.73651717561193
running,59793,59832,39,298.20648278503063,30.00532348482226
walking,59833,59855,22,98.03459906933574,28.376197568173346
stepping,59856,59896,40,86.82942486564585,28.24642032621938
sniffing,59897,59915,18,52.11991836127601,31.868039784954487
climbing,59916,59955,39,48.82066812449036,49.11260185194633
rising,59956,59972,16,86.49626795650516,35.943539580250835
trotting,59973,59982,9,210.37525643126247,29.64712358091858
sniffing,59983,60000,17,77.73760915347354,26.703544192526593
walking,60001,60043,42,153.19287178663777,25.960842849745948
sniffing,60044,60087,43,37.988612062917035,23.722395132616406
rising,60088,60117,29,21.485095504536094,27.893536772678953
climbing,60118,60192,74,55.06440208033614,44.231729884581505
grooming,60193,60252,59,22.074363448841947,34.460403765884486
sniffing,60253,60489,236,27.811985050665157,25.223851988442043
grooming,60490,60539,49,18.112000375625026,27.295218151365486
climbing,60540,60569,29,44.68882187051578,46.856484369694435
hunching,60570,60629,59,20.372208933713917,33.150905098264225
sniffing,60630,60684,54,18.643962962496747,26.063268255172233
left_turning,60685,60748,63,78.88639531417752,29.338674973283695
walking,60749,60802,53,150.72036772396712,33.17244731727425
stepping,60803,60827,24,91.89250626234835,27.62920734991462
rising,60828,60851,23,57.08350108904267,33.14536825160168
sniffing,60852,60908,56,30.00495959444843,30.55484122254195
climbing,60909,60958,49,51.925301478056554,49.13796108541795
walking,60959,61000,41,87.92788235271512,37.84290655161643
rearing,61001,61025,24,20.507007883615657,37.10687580118679
sniffing,61026,61145,119,16.336418795757808,34.27965466377311
rising,61146,61165,19,23.328214110909666,37.63090615690828
sniffing,61166,61176,10,49.74470140171798,32.3452633356689
walking,61177,61196,19,166.10525360912047,29.953872902092666
stepping,61197,61240,43,82.82650005084821,32.27000421121169
rearing,61241,61300,59,11.142526125111772,33.12091219478938
climbing,61301,61360,59,20.832703320380112,35.74845311631171
rearing,61361,61420,59,10.443207720556527,35.24361765219524
hunching,61421,61450,29,19.70167011423002,33.94001968670933
rearing,61451,61560,109,12.582670314109729,35.39495454020914
grooming,61561,61665,104,18.61971177591392,34.75260821943475
rearing,61666,61705,39,13.22908150631631,35.568867866978295
sniffing,61706,61927,221,24.282085150870763,32.49334275561318
rearing,61928,61947,19,23.649471697582555,37.176820725598574
rising,61948,62202,254,21.505205306930065,41.77304313080131
rearing,62203,62322,119,28.92120284930433,37.735352551590104
grooming,62323,62532,209,26.036203933159506,40.11750557524873
hunching,62533,62552,19,33.82052798664476,41.85810812195781
rising,62553,62597,44,24.966786372829866,41.67455703377994
grooming,62598,62837,239,25.479186508390228,38.234178072961036
climbing,62838,62952,114,21.63294584586537,42.2763979326999
sniffing,62953,63002,49,17.368373329205095,42.43079852823872
hunching,63003,63062,59,20.12169037915982,41.53087686345325
sniffing,63063,63177,114,27.61084507390204,41.31219526959012
rising,63178,63282,104,24.914647397316344,40.660830692960694
rearing,63283,63327,44,26.913139239306627,40.265078724487005
grooming,63328,63667,339,18.467051052316872,38.04111434886321
rearing,63668,63902,234,16.349833080252765,36.14794444300475
sniffing,63903,64007,104,20.84681383915853,35.642740099680516
grooming,64008,64067,59,15.898005903225684,33.45037769268329
sniffing,64068,64200,132,24.90941463547998,27.616820331812193
pausing,64201,64951,750,13.763444976340745,32.80305481243988
sniffing,64952,65050,98,14.13028361729103,34.45212429762164
rising,65051,65060,9,30.957467227544942,35.86676206985967
right_turning,65061,65071,10,45.25016596181436,33.93890591155301
rising,65072,65080,8,37.07705625198943,36.390793478053055
rearing,65081,65110,29,17.06498958948352,37.306053056482476
rising,65111,65165,54,17.13125900378522,37.19979760090824
sniffing,65166,65190,24,24.627184691931383,34.267595313212745
rising,65191,65230,39,14.127189472519536,35.8300529264881
climbing,65231,65280,49,18.33203127345191,33.845610056387926
hunching,65281,65360,79,16.183516677637012,36.75304532442099
climbing,65361,65420,59,17.31542891416852,35.92386414124608
hunching,65421,65605,184,12.405900296538382,37.34423793190542
rearing,65606,65655,49,16.036605442866104,37.90420288784773
hunching,65656,65660,4,24.819860397071665,37.09847812362917
sniffing,65661,65700,39,12.32793817165065,32.023773734636016
pausing,65701,65851,150,9.949006029193553,33.33716250677376
sniffing,65852,65902,50,51.249422396395985,30.86991087829612
walking,65903,65977,74,151.10579895897027,28.761023432745812
sniffing,65978,66023,45,27.075197847737922,24.21515667432132
rising,66024,66058,34,35.793633018025666,28.822794926405095
climbing,66059,66123,64,50.26226893494389,49.35830534557373
hunching,66124,66138,14,56.3225783676147,32.46878240368075
right_turning,66139,66149,10,89.05867610992662,27.9340031025719
walking,66150,66248,98,130.37551480909266,28.952504442710516
sniffing,66249,66349,100,41.73760625702013,23.166167557208762
rearing,66350,66369,19,25.241350706352016,30.337517988214938
grooming,66370,66489,119,19.966869914558174,30.117366243760298
sniffing,66490,66639,149,32.38838784843893,27.339412307345434
walking,66640,66734,94,145.11079062837368,29.157155570401162
sniffing,66735,66830,95,12.291415117357715,26.96980592975599
rising,66831,66885,54,12.924097613655842,30.486014540616367
sniffing,66886,67184,298,21.69696747968806,26.234180248004495
rising,67185,67199,14,15.622353401804471,29.08607531553885
rearing,67200,67319,119,16.196832550442334,32.52243366322288
rising,67320,67349,29,16.425754702490146,29.48930894403353
rearing,67350,67399,49,31.26800758357037,34.270419371077686
sniffing,67400,67454,54,29.289366340940475,24.25964839880008
hunching,67455,67474,19,13.332148488856216,29.546453921544515
climbing,67475,67629,154,17.03544386249303,31.750108991235702
rising,67630,67649,19,36.55178564799361,29.08093944913474
sniffing,67650,67769,119,28.395411177983785,29.3402679531594
grooming,67770,67829,59,26.656916596372987,24.18887292965593
sniffing,67830,67889,59,15.281120884878245,25.589315204439824
rearing,67890,67899,9,40.76941492391991,30.08977877333599
climbing,67900,67929,29,49.98955497719274,42.41386504085372
right_turning,67930,67939,9,130.43948447741286,30.6121491166206
walking,67940,68016,76,160.3720871935371,26.628736037199992
rising,68017,68063,46,34.147542000006105,26.775184716039277
climbing,68064,68218,154,29.56795302032025,43.03500560640471
right_turning,68219,68227,8,99.1140896183048,33.165736308349466
stepping,68228,68254,26,47.18759600081218,30.739904118831298
left_turning,68255,68284,29,72.59574827587737,29.152606775832012
climbing,68285,68374,89,43.118750959025746,48.06450061712107
rising,68375,68394,19,57.465769907021766,33.79572841955776
walking,68395,68444,49,142.62803886249816,31.10311185375167
stepping,68445,68490,45,103.60156121926218,28.663028418360188
sniffing,68491,68661,170,23.28060086779015,25.7085597158815
rearing,68662,68681,19,24.796318168320447,27.959583268312308
sniffing,68682,68816,134,30.127592303632003,28.83833677951146
walking,68817,68866,49,135.60257082011788,29.79481384279922
sniffing,68867,68880,13,25.30809928418066,24.176260858554024
left_turning,68881,68921,40,107.46539821111934,28.584177604758136
sniffing,68922,69028,106,35.635495376607174,25.80282302824269
rising,69029,69058,29,20.747841541223565,28.38455726147284
climbing,69059,69103,44,42.49794834974262,44.25878417990462
rising,69104,69113,9,34.41439178608577,30.885453311855645
sniffing,69114,69212,98,40.961122099022546,27.176065800530523
grooming,69213,69272,59,23.546900597077688,28.585247652668595
sniffing,69273,69387,114,38.16158505277756,25.119191571378405
stepping,69388,69405,17,78.21553914049696,24.718339776010552
walking,69406,69458,52,166.8061729097451,24.896080539836884
climbing,69459,69508,49,32.06200802073947,32.71674012560888
rising,69509,69538,29,23.78151893830467,29.87984659291161
sniffing,69539,69563,24,67.18979343596874,27.928258900296772
stepping,69564,69581,17,110.39404387122555,30.371055101346215
walking,69582,69646,64,149.98895325712698,25.011746668705804
stepping,69647,69725,78,85.99112527687477,28.477095515237423
sniffing,69726,69830,104,44.74314319559826,30.080044888474667
rising,69831,69880,49,35.17699089853815,32.91780666815453
walking,69881,69922,41,74.4075237194913,31.461569265156083
rising,69923,69959,36,39.812923625560124,33.275252159201614
climbing,69960,69994,34,30.185437448218206,38.850493884873934
rising,69995,70029,34,40.465419281795974,31.366206950430204
left_turning,70030,70049,19,86.10238404946597,29.24865323748413
sniffing,70050,70059,9,65.48664800200463,33.24235425546608
rearing,70060,70064,4,45.456872984775416,38.118424792082834
climbing,70065,70169,104,21.36797955792388,40.224842270549885
rising,70170,70239,69,22.68362253002204,30.171602787203476
sniffing,70240,70261,21,18.675841251432054,27.852296293117004
rising,70262,70272,10,22.214094959491455,30.578715995634717
sniffing,70273,70342,69,37.60531073308443,30.680260036998074
grooming,70343,70387,44,27.1371377511838,37.18009743721205
sniffing,70388,70475,87,53.68406832020501,36.14538478284744
rearing,70476,70500,24,31.014060944398178,35.41722322232438
grooming,70501,70540,39,26.4503883077713,37.02269886277987
sniffing,70541,70735,194,38.10612634999124,30.41498958534042
rising,70736,70765,29,27.37746509996151,36.56906462797635
right_turning,70766,70789,23,54.17199150808212,31.368855300634333
sniffing,70790,70799,9,75.25476450103163,35.88937280605279
rising,70800,70851,51,40.92778201236002,37.05437129266296
sniffing,70852,70907,55,43.387860207706005,36.01448087747786
stepping,70908,70946,38,81.28389818173976,28.08317687324123
sniffing,70947,70950,3,61.22082673135367,28.961497897134105
rising,70951,70985,34,35.74603430518096,36.494569339158225
climbing,70986,71045,59,33.79290691354093,48.42915790431323
right_turning,71046,71050,4,113.64746991344688,31.5807493419028
walking,71051,71063,12,85.24873520244316,36.11247870220347
rearing,71064,71088,24,24.658139983623993,39.60247957060529
rising,71089,71112,23,63.62019881284832,33.65506327406178
rearing,71113,71172,59,24.543173483753005,37.39399640479725
climbing,71173,71217,44,23.519205868286964,44.91549115700873
rearing,71218,71262,44,41.591784627350684,35.74089301069985
climbing,71263,71297,34,16.2534002046339,34.9413927077662
hunching,71298,71307,9,33.52809977249458,34.273743676197256
walking,71308,71315,7,88.59922013756574,29.989036736808128
left_turning,71316,71338,22,111.39870053017769,34.73847778276549
climbing,71339,71413,74,44.03151648196995,50.18554534988032
hunching,71414,71468,54,28.85763794851806,35.898070802058605
sniffing,71469,71479,10,35.78089582917085,28.89166703352919
rising,71480,71536,56,39.75145211041157,33.296660796542355
walking,71537,71599,62,145.11656151044085,32.46520281238232
rearing,71600,71609,9,41.72693803106529,38.37121727088504
grooming,71610,71639,29,32.9191474354564,38.7582558650138
sniffing,71640,71704,64,59.911295468522944,27.294816161456968
climbing,71705,71769,64,32.29323646053976,42.850400816399116
right_turning,71770,71784,14,80.631800278506,32.054555524273084
trotting,71785,71838,53,235.38169282383447,31.64144526542872
sniffing,71839,71882,43,68.37130961319602,27.293182700884742
rising,71883,71935,52,33.783115712586024,27.844600604573767
hunching,71936,71955,19,46.310972023538795,36.2441058712505
right_turning,71956,72000,44,54.768777441868394,28.634587999117077
sniffing,72001,72086,85,38.69644427556336,26.941228729986243
walking,72087,72103,16,63.333806936158965,26.83322721826847
sniffing,72104,72144,40,55.37535226398542,30.434832199235686
left_turning,72145,72160,15,87.2302863910048,30.124694424612194
stepping,72161,72206,45,77.40644441555943,31.043042018855154
rising,72207,72231,24,27.93174801123726,34.48135165211793
climbing,72232,72371,139,20.976310954968508,35.96886760989803
rising,72372,72541,169,28.36653432645907,32.17771315080786
sniffing,72542,72554,12,100.95050740230899,32.56539273379234
walking,72555,72563,8,144.52628171785096,29.388257199865524
stepping,72564,72598,34,106.79283684252358,28.35172666595361
rising,72599,72608,9,51.989216395493905,38.12887487495648
climbing,72609,72638,29,58.16530404266283,52.942337742963126
walking,72639,72648,9,63.38363634990351,32.29851014364711
sniffing,72649,72698,49,35.35435904947605,25.222495795156597
rising,72699,72718,19,39.12974237594537,32.248679562162316
climbing,72719,72763,44,57.361714358097956,52.92780661911351
left_turning,72764,72777,13,175.92770726772878,35.68710009619254
walking,72778,72808,30,192.70987266358608,31.842222775788496
rising,72809,72818,9,43.08556920469806,32.123649352751116
rearing,72819,72853,34,26.656652243766857,36.510275714372156
rising,72854,72896,42,41.27492679879902,26.62467345966122
sniffing,72897,72911,14,20.969598150115157,24.1038498955638
walking,72912,72930,18,130.37913397820094,27.285837777691864
rising,72931,72940,9,49.6025589653334,34.13096140917549
climbing,72941,73045,104,38.91273370194925,44.003973186710596
rearing,73046,73065,19,24.591444279998694,33.12338386282653
sniffing,73066,73109,43,35.13667902940174,24.656664720349955
rising,73110,73134,24,30.18646784078963,31.41704520721831
climbing,73135,73184,49,48.697997382026635,49.253781482694194
sniffing,73185,73405,220,31.068709238532914,26.842650574896506
grooming,73406,73465,59,22.64220804174414,24.40006669869049
sniffing,73466,73552,86,20.29017655894509,21.265439825108732
right_turning,73553,73573,20,58.53898780391662,24.981693394407102
sniffing,73574,73623,49,33.543136411396304,28.611330870348347
hunching,73624,73728,104,25.041549054264863,35.362186977510106
rising,73729,73768,39,73.16839731510649,35.40059496373056
left_turning,73769,73798,29,96.61261441405168,34.84529310415517
walking,73799,73824,25,120.72695652527824,32.54702577183942
left_turning,73825,73877,52,96.54454878544412,26.811632647392702
rising,73878,73892,14,48.10599157281623,35.37954749449882
climbing,73893,74067,174,24.018558027831777,42.204122976089494
sniffing,74068,74127,59,31.853507503062136,31.266236805001167
walking,74128,74175,47,150.02119611165878,30.359298344595004
rising,74176,74217,41,75.52819359555721,30.47639004277043
rearing,74218,74242,24,36.579600524364444,33.57912605018819
running,74243,74256,13,276.50709240238865,30.169966475007097
left_turning,74257,74303,46,129.954322000314,26.25221784730154
sniffing,74304,74350,46,18.697585800754894,25.602193648250058
rising,74351,74365,14,42.8196315297522,30.65738244026578
left_turning,74366,74374,8,70.90477010751314,27.71781170829578
sniffing,74375,74545,170,35.628253851170136,32.58271553906006
trotting,74546,74570,24,219.27302658608806,30.028296593909204
walking,74571,74580,9,136.96420355539743,31.405950882023898
stepping,74581,74617,36,65.11852681014322,31.454170836193413
sniffing,74618,74637,19,35.415682851048466,27.501802461654826
rising,74638,74692,54,30.437640895204552,27.67582122520237
sniffing,74693,74801,108,31.75414699690898,25.3434603085578
stepping,74802,74845,43,57.10932905858588,31.85758659023678
rising,74846,74860,14,51.3062193963699,38.05579780549076
walking,74861,74896,35,186.21358831762998,29.56742201148041
sniffing,74897,75086,189,42.59840217099314,25.981336647079996
climbing,75087,75126,39,55.76370810770766,47.40856505730345
right_turning,75127,75156,29,56.919412988467464,31.74702159521185
walking,75157,75241,84,134.0964190407974,27.374063781521443
sniffing,75242,75253,11,38.19651140194488,31.711779471312905
rearing,75254,75283,29,20.939580068446855,34.415520711276734
climbing,75284,75403,119,17.85872577218147,37.328207276889856
rising,75404,75463,59,43.62973397303603,34.210959279683465
rearing,75464,75523,59,44.39157328976033,35.056066826521906
climbing,75524,75623,99,37.16228571087593,44.66233478478259
grooming,75624,75683,59,25.819415676180395,31.854723659586224
climbing,75684,75743,59,24.995156663704286,36.7171855010563
grooming,75744,75778,34,18.78108607580554,35.25589494101629
rising,75779,75838,59,39.41208964481447,31.255876385856467
left_turning,75839,75865,26,78.11613716595956,23.527851998181177
sniffing,75866,75921,55,41.463568853850994,26.997598306577295
rising,75922,75946,24,30.04024563685472,33.01177406766677
climbing,75947,76006,59,34.96982726622365,47.210495040563494
rearing,76007,76041,34,23.064139103553668,32.40698986592825
sniffing,76042,76116,74,23.34714939836234,27.962978044573987
left_turning,76117,76157,40,93.74580405498791,28.356307206197997
sniffing,76158,76189,31,22.925977236387254,34.666704765937034
left_turning,76190,76209,19,128.51797246451142,29.420784525344516
stepping,76210,76248,38,114.60111739054555,27.38176555942811
walking,76249,76300,51,150.7246539354135,29.78751554067085
sniffing,76301,76350,49,41.06688623449941,25.69991983604012
rearing,76351,76365,14,22.687818190657357,29.927295753459124
climbing,76366,76450,84,48.274429082586444,43.353126622930276
sniffing,76451,76480,29,51.67066451994781,30.130170088756625
running,76481,76501,20,272.6600168915604,30.113980067279797
left_turning,76502,76546,44,57.46463654957978,27.642821082836107
walking,76547,76566,19,157.08424394248829,28.87252294091855
rising,76567,76591,24,50.92571033044646,32.23008970132756
rearing,76592,76631,39,20.316643670529906,38.119053097245576
sniffing,76632,76733,101,21.989152343576276,27.436620355512
climbing,76734,76763,29,47.090098217142874,35.33074074558821
right_turning,76764,76774,10,112.76025387283897,27.99958620096376
trotting,76775,76831,56,229.53323003739283,27.453114907133184
walking,76832,76922,90,150.86506487979315,24.959135029783333
sniffing,76923,77012,89,26.815739688737324,22.744906573810457
rearing,77013,77057,44,19.820675505038462,28.91996066605762
climbing,77058,77092,34,52.02857060737772,46.127542034816976
rising,77093,77107,14,24.699729572964397,25.03270570976576
sniffing,77108,77132,24,42.58782454190779,24.177297641073903
left_turning,77133,77160,27,88.61603715230129,26.133174723632703
sniffing,77161,77196,35,21.757339533462694,27.726522989119207
walking,77197,77205,8,192.39677180338097,27.46644665358633
trotting,77206,77232,26,247.1302574070521,27.29546660472674
rising,77233,77243,10,41.5346596880804,26.586495926960787
hunching,77244,77273,29,38.995898375245716,32.36099150448798
climbing,77274,77298,24,44.57232690219345,50.227330477072904
rising,77299,77328,29,25.995107665631448,35.72228745522657
sniffing,77329,77336,7,16.621428283109196,30.834194299152124
left_turning,77337,77372,35,69.91983337984263,26.457783624461232
sniffing,77373,77401,28,29.702907948911758,25.533462327498448
rising,77402,77432,30,42.408965990327204,26.44221704074726
sniffing,77433,77768,335,22.849724526900342,26.57234136117068
grooming,77769,77818,49,25.179072549711854,32.12100918471537
sniffing,77819,78058,239,22.22702244219863,29.081040396140004
grooming,78059,78118,59,22.38004256283965,28.204782013780694
sniffing,78119,78223,104,18.473129828054315,26.31036838945603
grooming,78224,78283,59,18.86461671848348,27.99637136575947
sniffing,78284,78343,59,25.98138805702903,28.770797027535
left_turning,78344,78385,41,77.45765184369253,30.045093677281464
sniffing,78386,78474,88,42.717243559112966,29.465708340870105
rising,78475,78504,29,59.66613246645785,31.518313971680573
walking,78505,78547,42,156.00992194892285,27.279613737339492
sniffing,78548,78563,15,60.333159615860716,30.65945403911521
rising,78564,78593,29,64.8425378555133,26.737687088037976
sniffing,78594,78706,112,25.67327139857867,25.40709824052778
left_turning,78707,78712,5,104.5350001468302,24.592646150287763
stepping,78713,78738,25,58.685046800129186,22.593917496282362
sniffing,78739,78763,24,16.723482545117687,24.095232316723404
hunching,78764,78773,9,26.78789614740244,29.70210943576516
climbing,78774,78833,59,47.652875270385984,50.52366438957952
sniffing,78834,78893,59,44.29360799154404,29.972585107354476
left_turning,78894,78901,7,90.22695169669947,25.74394857410946
sniffing,78902,78930,28,21.49852660292624,27.75365615832761
left_turning,78931,78983,52,93.49399938212139,28.868053694584905
sniffing,78984,79016,32,67.06656374718106,29.734895006534778
walking,79017,79068,51,139.48310433900306,28.608246877668293
sniffing,79069,79088,19,52.28898684426582,27.17345178237924
walking,79089,79106,17,92.45286393937673,27.13867177022324
sniffing,79107,79144,37,28.056950732842218,28.713359716611507
climbing,79145,79204,59,35.21230042173865,44.868672068397835
rearing,79205,79264,59,11.934684450993586,34.5033065982975
rising,79265,79299,34,14.448506430000338,31.144942323480127
sniffing,79300,79404,104,32.57196488763322,29.206459975910292
stepping,79405,79459,54,37.15060936691062,32.39772370401137
sniffing,79460,79510,50,26.676005426059124,30.071426155242065
right_turning,79511,79549,38,62.76459448551303,28.73193571388814
climbing,79550,79594,44,48.68608393950755,50.84972107995652
sniffing,79595,79599,4,60.749262764657416,34.49685876668168
walking,79600,79674,74,166.75104817254186,28.581373360389406
sniffing,79675,79698,23,28.648661729184244,28.166306656534584
left_turning,79699,79704,5,93.47421214086783,28.083889925227385
sniffing,79705,79923,218,51.0844064458562,25.572416254756703
left_turning,79924,79978,54,100.35093251997357,30.28135983596376
sniffing,79979,80079,100,59.25978781291644,28.793377019857495
walking,80080,80135,55,138.7272981465162,27.480762575537067
sniffing,80136,80202,66,38.7272645460783,27.71205916648585
walking,80203,80245,42,109.36617406784912,31.697256677311394
sniffing,80246,80282,36,96.51239915194196,32.31721390756258
walking,80283,80337,54,148.9363097542236,30.218815145043056
sniffing,80338,80399,61,48.05430606761379,27.242830920958394
climbing,80400,80454,54,48.93297263460563,48.23478542734387
sniffing,80455,80459,4,65.53386207825953,31.425285297708378
right_turning,80460,80469,9,104.56422312423929,29.038155783562672
running,80470,80480,10,326.83436330639233,32.11534435324375
left_turning,80481,80507,26,105.15541768738039,28.463286966466644
sniffing,80508,80560,52,17.694312735467506,26.793452456428508
stepping,80561,80605,44,97.2518986536752,30.797691363917426
sniffing,80606,80705,99,37.93775539822998,27.89074489615443
rising,80706,80745,39,25.974331752672487,28.754439060799207
climbing,80746,80800,54,56.560017675698155,45.42107305403352
sniffing,80801,80810,9,94.16022588141173,29.139641053620483
trotting,80811,80854,43,211.11827085288232,28.568090863306747
rising,80855,80885,30,54.800491496047336,29.517162421921924
left_turning,80886,80901,15,56.14277529480183,29.096417155597436
sniffing,80902,80943,41,39.560282327604035,26.945675574495368
stepping,80944,80965,21,78.6869905530923,24.88069498105465
sniffing,80966,81042,76,18.016808387235965,26.756500555325253
climbing,81043,81097,54,51.14358145820097,49.71906757831787
rearing,81098,81132,34,58.33164984037328,33.172453345937924
sniffing,81133,81247,114,11.421230841328816,31.32077736377557
rising,81248,81297,49,11.155032020792955,32.721074652672876
sniffing,81298,81337,39,17.607994022195747,31.982261117861054
stepping,81338,81362,24,96.29966919977176,30.094696735132374
climbing,81363,81422,59,21.38201601471293,39.57402579135888
rearing,81423,81482,59,11.724397581113525,33.96610104065467
sniffing,81483,81522,39,24.407003791244684,26.028367012502127
rising,81523,81547,24,30.573551245007636,28.68072732537529
hunching,81548,81597,49,63.93245024447878,31.832098803028938
rearing,81598,81622,24,63.28628711960002,34.71115090261763
walking,81623,81668,45,130.4163408096325,34.23225016745962
stepping,81669,81681,12,92.72760496937346,37.829047603528856
walking,81682,81722,40,117.0384257308955,29.585912266312175
rising,81723,81752,29,18.596025564364957,28.852961675414615
left_turning,81753,81789,36,71.3472051252174,29.321261517602093
walking,81790,81808,18,123.93474372222516,29.034940379374582
sniffing,81809,81826,17,22.771174542995485,28.49293706559469
left_turning,81827,81884,57,137.48658604296884,30.23741747691579
rising,81885,81899,14,73.82859725440782,27.941891384545617
sniffing,81900,81993,93,30.947469673991197,27.512018025026027
climbing,81994,82103,109,41.396773851730664,48.724360796199306
sniffing,82104,82204,100,30.23580880523504,32.27185524390444
walking,82205,82253,48,117.08467858403063,32.83090529999443
sniffing,82254,82270,16,58.81213916384926,29.76311856587662
running,82271,82290,19,277.47844941820006,28.428837541483027
stepping,82291,82346,55,55.41513417343625,28.3042295407746
walking,82347,82364,17,162.70335831904134,26.17211981779316
rising,82365,82391,26,41.391780211835055,33.22260166625187
sniffing,82392,82426,34,49.463307508984116,25.7792007403499
climbing,82427,82481,54,66.92128942889084,39.58825964313898
sniffing,82482,82506,24,48.7197922270941,25.131133625673883
stepping,82507,82545,38,97.66195484390418,29.385023723242703
sniffing,82546,82557,11,35.926407999371484,29.14178025479659
walking,82558,82639,81,132.89234227721417,28.90742140405471
sniffing,82640,82687,47,27.146907605863376,26.055386748529557
rearing,82688,82697,9,29.118086593600914,31.632165044843077
grooming,82698,82757,59,14.185458398307084,34.11636069168906
climbing,82758,82867,109,12.521975289161297,34.9226661071944
rearing,82868,82927,59,18.728890221763915,33.505920987671225
rising,82928,82987,59,17.01173015316082,31.385570965979408
sniffing,82988,83097,109,39.0898592741632,30.225352259459875
walking,83098,83112,14,42.04409924062517,34.4682030955931
climbing,83113,83152,39,42.485633358074,50.554499152921025
rising,83153,83237,84,21.25872698574009,37.219567882045396
sniffing,83238,83250,12,12.03082321232142,34.622652010155186
pausing,83251,83401,150,13.474791584874978,32.489728502838005
sniffing,83402,83459,57,34.3939544440412,33.147382953257626
running,83460,83496,36,292.3976074595292,27.95124393698551
sniffing,83497,83550,53,33.70659601517944,25.241421872103256
pausing,83551,84451,900,13.37383158326402,25.859242285773036
sniffing,84452,84488,36,18.41676589690171,28.048752226225705
grooming,84489,84543,54,25.743830678736323,27.448740852031435
sniffing,84544,84663,119,14.81640829354363,25.321083794498417
rearing,84664,84723,59,19.56817662752955,30.694962078791015
grooming,84724,85018,294,22.49000486872821,32.042717639705764
rearing,85019,85073,54,20.783209989892562,32.63541173784674
grooming,85074,85558,484,22.31491158917514,29.65063278742788
rearing,85559,85613,54,23.17631439385917,31.703824400864374
rising,85614,85673,59,24.236737209253217,32.50910995253507
rearing,85674,85773,99,29.95771173385474,32.72769258495967
sniffing,85774,85833,59,29.740319331654938,31.547875314836414
rising,85834,85973,139,17.875248785911612,27.75944467605381
hunching,85974,86018,44,33.12645553720051,32.408003581330476
rearing,86019,86038,19,27.985111674017475,36.29041106406278
sniffing,86039,86093,54,15.90764802253089,30.618243303645183
rising,86094,86143,49,12.226690758946884,31.050665073772198
sniffing,86144,86243,99,16.39255082901079,33.74965437627443
left_turning,86244,86248,4,58.98775900738816,28.2525552306395
sniffing,86249,86383,134,29.614911359733043,27.353923273385366
left_turning,86384,86400,16,47.24606990712752,29.55007885111785
sniffing,86401,86510,109,28.34098232790934,26.42186509725183
grooming,86511,86640,129,17.118057896337458,23.27300052852362
sniffing,86641,86650,9,39.45801896511762,26.538072925695424
right_turning,86651,86663,12,64.64953427441338,25.86615126877533
sniffing,86664,86700,36,36.6168697541693,25.872344152494698
rising,86701,86709,8,71.1108018081211,29.42612541777389
sniffing,86710,86794,84,34.81216319411285,30.31343276503668
left_turning,86795,86836,41,113.74481226910012,28.261327875925417
sniffing,86837,86871,34,35.110761463261596,26.47002747366656
rising,86872,86908,36,59.14140353594466,27.978809155469175
sniffing,86909,86928,19,15.052061217733591,28.250979952871482
left_turning,86929,86953,24,52.02247316896527,26.060232035771545
sniffing,86954,86983,29,19.56763619980577,26.68074124395405
rearing,86984,87128,144,11.24176791305878,31.08280956481896
climbing,87129,87188,59,35.4214827383609,36.2474683667188
sniffing,87189,87403,214,28.338969729840425,29.921180987259564
walking,87404,87462,58,161.17233881480718,31.498981338272777
sniffing,87463,87487,24,32.17823974612699,31.106714905279727
climbing,87488,87567,79,35.429849677470564,47.1226520220237
sniffing,87568,87652,84,23.428818383688974,33.356139782898204
grooming,87653,87752,99,31.746950144926146,33.65303101443822
sniffing,87753,87852,99,15.611191004572973,30.44163940312815
right_turning,87853,87876,23,86.88565220229714,30.36408277090129
walking,87877,87923,46,108.28051114220688,31.294286814010793
stepping,87924,87945,21,65.00732455097553,31.60261849265461
walking,87946,87991,45,145.94349918706092,28.195920902107183
sniffing,87992,88137,145,21.519482071774057,27.52194947898182
rising,88138,88149,11,33.889079391016395,30.293327316450316
sniffing,88150,88209,59,34.014656337600826,26.13519067681737
walking,88210,88227,17,108.51906402820387,27.281625942745507
sniffing,88228,88304,76,41.22806276685453,27.20676850238139
walking,88305,88347,42,94.65131966883845,29.673080431674865
rising,88348,88362,14,44.03866997296596,34.05508045279672
climbing,88363,88522,159,18.315671895640083,40.85997969603447
rearing,88523,88542,19,44.03308620066766,36.05578250150481
sniffing,88543,88597,54,19.82677323983169,28.880554304990927
right_turning,88598,88608,10,63.11030429308972,28.307696862112586
sniffing,88609,88676,67,71.65173675157978,24.36298717439137
rearing,88677,88736,59,22.488915381944082,33.77751486213176
sniffing,88737,88972,235,25.717245434280702,25.286411251176613
walking,88973,88977,4,128.70671198665212,30.02614532744291
left_turning,88978,89004,26,131.54079580474954,28.572252226277648
walking,89005,89091,86,154.7472349199906,29.078657906724246
sniffing,89092,89176,84,22.639849763925234,29.52004376302014
walking,89177,89183,6,139.2378769255941,28.613307697618097
left_turning,89184,89213,29,109.00099133257449,27.983046398520166
rising,89214,89233,19,32.8345154542434,29.411277117853352
sniffing,89234,89275,41,30.543781273433215,26.22138504587288
climbing,89276,89320,44,47.31315089870711,47.37663990764634
right_turning,89321,89325,4,89.70997471060639,30.59134769175776
walking,89326,89415,89,162.65472948045425,29.889524796705594
sniffing,89416,89438,22,25.58867931726834,27.905068248080102
rearing,89439,89458,19,43.20941083864997,35.077239908715974
right_turning,89459,89467,8,147.83223110893925,28.801007213508708
walking,89468,89531,63,105.90692753154724,26.81047693272616
sniffing,89532,89559,27,64.46803609817638,29.540458178137754
walking,89560,89591,31,140.96549316984905,28.268345094608563
sniffing,89592,89682,90,31.973590320433182,25.788425345753907
rising,89683,89712,29,13.723336089106494,25.096573128761737
sniffing,89713,89809,96,18.600382486253213,24.746582461633547
left_turning,89810,89829,19,93.22352846329215,25.085022736337187
sniffing,89830,89866,36,17.163064519030186,27.31284005858726
walking,89867,89941,74,144.09133226054416,26.130521310080944
sniffing,89942,90000,58,26.82372560309514,27.4318513626472
rising,90001,90055,54,22.67818020402791,28.97427728835288
right_turning,90056,90090,34,63.19937434013853,29.830376933956106
walking,90091,90150,59,68.23551189595564,37.15240416880681
stepping,90151,90201,50,96.58254763965739,33.73465857228917
climbing,90202,90236,34,25.530372225088257,41.54991098369771
rising,90237,90276,39,60.72478135599889,33.82571862595713
walking,90277,90304,27,146.41224184617755,32.358344501164886
stepping,90305,90335,30,76.66619297488226,26.6036427403529
rising,90336,90345,9,29.831396023697426,33.34299128448286
climbing,90346,90380,34,56.710035332415714,45.44319443274738
left_turning,90381,90390,9,144.3180025624989,38.50978266186486
walking,90391,90440,49,206.50191024588,31.36307881365847
sniffing,90441,90455,14,64.53900016506749,30.09259748953896
hunching,90456,90490,34,22.67835222614092,34.45284576362989
rearing,90491,90510,19,33.82808740954736,37.59877834778338
sniffing,90511,90550,39,26.035011323544335,28.91286453993996
climbing,90551,90660,109,44.79382885878119,43.67580982298033
rising,90661,90680,19,58.12526669921466,34.93461559058093
climbing,90681,90740,59,19.675013079311565,38.499679936588464
grooming,90741,90800,59,16.409592512505636,37.57088874671039
rising,90801,90850,49,12.264601383418897,35.487693411978846
rearing,90851,90905,54,14.86159806421717,34.46145610653277
rising,90906,90980,74,15.341538074834835,34.26418139344174
grooming,90981,91000,19,11.437147263081929,36.940794030285886
rising,91001,91015,14,24.9697992265039,34.87121651375616
sniffing,91016,91075,59,23.18219071472247,30.842164297116238
walking,91076,91084,8,169.16532239783157,32.70301311412581
trotting,91085,91133,48,226.55818409503507,28.818591447806423
rising,91134,91143,9,53.710915117874166,35.40290993584842
climbing,91144,91198,54,43.91420694106289,50.43209528433371
walking,91199,91208,9,113.47075733840786,32.743927988013986
left_turning,91209,91213,4,166.78961213054396,29.693691192886927
sniffing,91214,91251,37,68.23896095593254,26.87087380636031
rising,91252,91286,34,36.81805770395194,28.375001758987313
sniffing,91287,91406,119,38.16619953080079,32.45390175057934
walking,91407,91504,97,116.67063012615425,28.452173087540665
rising,91505,91524,19,29.288510960038963,31.826978057311372
sniffing,91525,91569,44,30.547173078959737,27.869492014134217
left_turning,91570,91579,9,111.70587934579441,25.286761385727935
sniffing,91580,91770,190,27.366906772960004,21.629314695991397
climbing,91771,91880,109,34.645070472276295,45.24531450015248
sniffing,91881,91950,69,18.34157065215881,24.616721025146425
pausing,91951,92251,300,15.765764628204051,22.699316746883163
sniffing,92252,92255,3,39.79094738919286,21.051750430885768
right_turning,92256,92260,4,53.0376611360531,22.76073994376396
rising,92261,92275,14,53.616503284495984,25.732027873770253
sniffing,92276,92352,76,27.124000886192853,24.46331946040334
grooming,92353,92412,59,23.94242976856949,28.18862231684479
sniffing,92413,92502,89,33.91299713640523,22.343203371293544
left_turning,92503,92546,43,114.75632958504798,28.336993618519422
sniffing,92547,92550,3,22.382268162970256,29.280920583708443
pausing,92551,92701,150,15.286756669212792,28.888897962174696
sniffing,92702,92726,24,22.336537906558007,29.0591245138893
walking,92727,92766,39,188.49502315903362,29.281841692264514
sniffing,92767,92796,29,26.35122537483808,29.13276139341166
left_turning,92797,92826,29,90.45253567489569,31.269387187800923
sniffing,92827,92870,43,87.21023078047762,28.937743210219832
walking,92871,92905,34,150.17568756068775,30.214392531162368
sniffing,92906,92938,32,42.25525124385424,31.036892057539752
walking,92939,93074,135,99.66092235943465,27.861298242769823
sniffing,93075,93154,79,28.958348339048786,26.86138292522171
rising,93155,93184,29,26.23932073766134,26.691473022979316
climbing,93185,93239,54,46.65271506610782,51.99320829872739
right_turning,93240,93252,12,134.56099159863953,30.731800250157434
running,93253,93280,27,375.7725247283469,29.726649180486646
left_turning,93281,93292,11,122.00163395826081,26.17223446130575
rising,93293,93312,19,42.37870835766906,29.25342043641944
stepping,93313,93322,9,69.19609896669155,26.372946028842183
sniffing,93323,93381,58,57.58133052356874,26.95825884009402
left_turning,93382,93399,17,123.90002119246472,28.30833752322486
walking,93400,93437,37,182.20522111166406,26.9668160925928
sniffing,93438,93447,9,38.31405996576686,29.92918957079952
rearing,93448,93492,44,32.89532834005222,31.62589395784387
climbing,93493,93552,59,48.810338573190855,51.65932896127609
grooming,93553,93562,9,93.2869813386488,36.138747664291046
sniffing,93563,93632,69,31.64420455668178,29.748595257752505
rising,93633,93642,9,37.97947319772035,34.2423687891076
climbing,93643,93722,79,51.51428002128928,44.99318887543177
sniffing,93723,93777,54,32.9277880955241,31.622745338711137
trotting,93778,93783,5,186.1123276283222,30.67752992956302
walking,93784,93844,60,171.22747912826276,28.57343677243496
rising,93845,93859,14,35.91325303841182,32.22465307634026
climbing,93860,93919,59,53.07940107314797,50.33240609376371
right_turning,93920,93936,16,115.80308972349593,29.228921915618898
walking,93937,93988,51,175.58321652776823,28.699554471428332
sniffing,93989,93993,4,19.065368540553806,26.691125259063277
grooming,93994,94023,29,23.342807703156947,28.595677952400067
climbing,94024,94083,59,32.291176237265766,54.19564885340381
rising,94084,94093,9,93.41618582362992,35.31522189184504
right_turning,94094,94098,4,103.89978476167013,30.42300083505786
walking,94099,94182,83,185.13768222522208,26.999516908090193
rising,94183,94192,9,36.97298417122466,29.286237114509998
grooming,94193,94247,54,15.284084112256451,31.74102781941511
rearing,94248,94257,9,21.497066152872854,31.80498264320422
sniffing,94258,94357,99,18.027912555362263,26.862431216956637
left_turning,94358,94402,44,54.59753312763077,24.48584060922241
sniffing,94403,94457,54,44.4764052946305,23.590644463591673
walking,94458,94501,43,179.09409433983836,27.850089192296334
left_turning,94502,94525,23,145.19159888810017,26.40108693080219
sniffing,94526,94645,119,27.09990777628029,25.94675019816363
rearing,94646,94670,24,31.772934200803125,29.17093053991932
climbing,94671,94730,59,43.94145430378785,49.96404283979996
hunching,94731,94735,4,46.4594920636247,34.046442293918105
sniffing,94736,94755,19,56.78873400908683,28.55483247588591
right_turning,94756,94761,5,143.8228789914344,30.807707177283458
running,94762,94778,16,346.1871806146306,30.273300158541048
walking,94779,94816,37,156.20923707683622,25.999651316015697
sniffing,94817,94876,59,21.955750188026038,28.63639378110064
rising,94877,94933,56,52.693954929579114,26.010216505434258
trotting,94934,94954,20,251.57030588348192,31.485614566411236
walking,94955,94987,32,127.974554721632,30.443387624763208
left_turning,94988,95027,39,95.04462899406236,27.892513510381853
sniffing,95028,95142,114,19.927455300055687,27.593113486621565
walking,95143,95162,19,68.27099102167173,29.572837430835136
right_turning,95163,95176,13,66.73226313185269,25.737167790174453
left_turning,95177,95238,61,76.95240835422152,26.135606319584625
walking,95239,95271,32,163.12769615204587,28.836166794090186
rising,95272,95281,9,66.87531805704967,32.604837438525514
rearing,95282,95286,4,39.80615215459489,36.209566574925965
climbing,95287,95336,49,48.362397490838866,44.252540000581874
sniffing,95337,95608,271,37.16353472276663,26.10080098107856
rising,95609,95623,14,28.004951802705364,30.544107128137327
sniffing,95624,95667,43,45.38481211577859,29.86069899029967
walking,95668,95706,38,116.21926579102882,24.949531194924305
sniffing,95707,95726,19,24.213046200530936,26.405484792812565
hunching,95727,95731,4,27.42833614104626,31.89891867215
climbing,95732,95821,89,30.71809158862394,38.09250972327096
rising,95822,95876,54,23.86054799497703,33.93891888529413
sniffing,95877,95886,9,64.06962300387279,26.63456936406879
right_turning,95887,95896,9,88.07712795582847,30.180240965836504
grooming,95897,96081,184,26.069767531761652,28.694311602085854
sniffing,96082,96300,218,28.453161559125473,28.782732967062056
pausing,96301,96451,150,20.02058832782468,30.327418481615236
sniffing,96452,97125,673,33.976971994609976,28.606434649889948
walking,97126,97155,29,86.58127715038327,27.550141182007568
sniffing,97156,97357,201,47.23720455194622,26.799511295838116
rising,97358,97367,9,30.78821015171294,30.542235437220246
climbing,97368,97447,79,39.04355435900824,41.80675305998661
right_turning,97448,97467,19,47.27598672443104,26.496257518736606
sniffing,97468,97538,70,55.952787791808824,25.47386877770329
left_turning,97539,97587,48,111.30690675844124,29.895091178561838
walking,97588,97610,22,153.16524095278285,27.95128855244223
sniffing,97611,97667,56,46.90566868657304,25.654195815618447
rearing,97668,97727,59,14.77047884624612,29.844852059902358
rising,97728,97747,19,40.96911255808327,29.987728748729886
sniffing,97748,97817,69,25.013043032962052,28.53729648828751
left_turning,97818,97832,14,59.82450548805914,31.066335446990518
walking,97833,97924,91,139.5681957650986,27.39519100843782
sniffing,97925,98154,229,24.798911923873355,25.26660180503103
left_turning,98155,98197,42,62.44450172335685,28.053794708695314
sniffing,98198,98232,34,47.70796440150691,29.13128143203305
walking,98233,98272,39,184.62718035999586,30.043221325140365
sniffing,98273,98312,39,46.82700154579233,31.390059627539728
left_turning,98313,98369,56,99.47860462796265,30.652093850920593
walking,98370,98425,55,101.6081450475264,28.172337290761924
sniffing,98426,98470,44,17.413757144162748,30.155593110811115
right_turning,98471,98509,38,85.85232633627255,30.38974065553705
trotting,98510,98538,28,256.1913523364848,29.942260525816522
walking,98539,98564,25,149.33833323927718,27.24895413565506
sniffing,98565,98644,79,35.23365351753277,27.987370537662933
rising,98645,98734,89,20.438278809985853,33.43503938543074
sniffing,98735,99019,284,21.410942761694223,29.183014487946465
stepping,99020,99054,34,36.504084138901426,27.061565156233442
hunching,99055,99089,34,28.22857548349592,30.39735381757653
rising,99090,99099,9,23.714124768864814,35.9704383018276
sniffing,99100,99150,50,20.93257656170814,31.669820736103095
pausing,99151,99451,300,9.642351886067516,31.425197135098227
sniffing,99452,99559,107,13.713886988320992,32.2401949957513
grooming,99560,99599,39,39.27765796557858,28.193322492720302
sniffing,99600,99694,94,36.0717983858003,29.183764688787672
grooming,99695,99774,79,26.27145285455341,33.44934335844384
sniffing,99775,99789,14,59.81414754229608,34.29117789690559
hunching,99790,99799,9,60.6776371388158,38.839173302228275
climbing,99800,99834,34,30.870453141799796,42.48073899188003
sniffing,99835,99854,19,28.47773477358474,34.80360401415573
rising,99855,99864,9,48.42405436492731,38.450213880397435
hunching,99865,99899,34,23.929785448364292,38.576686033750796
sniffing,99900,99924,24,36.415369403266276,33.812269029496576
climbing,99925,99949,24,32.12000087446186,35.12439327070843
rising,99950,99964,14,27.19925388303542,40.59717741064716
sniffing,99965,100004,39,19.786996855058838,35.1009191063342
right_turning,100005,100014,9,79.87759522096,29.770883206541612
trotting,100015,100054,39,230.42395801591238,30.49391884160721
sniffing,100055,100114,59,29.568431765778094,27.255521582080725
rising,100115,100129,14,20.418571138582134,31.34715327579401
climbing,100130,100249,119,33.845014464556066,40.00169669347245
rising,100250,100269,19,19.475447123217034,31.25923250478423
sniffing,100270,100394,124,35.68984514517353,27.204011105904225
grooming,100395,100454,59,19.79088084206991,30.929964000930735
sniffing,100455,100514,59,16.0907419537109,29.415535403514202
walking,100515,100561,46,78.89519363153236,29.38760217267624
sniffing,100562,100576,14,22.46788932472835,30.075100059898546
rising,100577,100636,59,51.48904553590727,32.333558137963124
walking,100637,100682,45,185.68750389172956,26.601668459392236
rising,100683,100697,14,30.26473924174565,29.179556110351946
sniffing,100698,100800,102,21.93954995470471,26.17279647400968
pausing,100801,100951,150,18.710436322446565,27.58655697151384
sniffing,100952,101062,110,15.050477177761065,28.903926043277114
grooming,101063,101342,279,15.839938576401613,25.339868296635224
sniffing,101343,101400,57,9.379664399154594,24.669859359210772
pausing,101401,101551,150,12.62498986428187,24.94509547403976
sniffing,101552,101612,60,12.21171992072055,25.76403699447521
grooming,101613,102012,399,13.011259108770574,33.42536185048499
sniffing,102013,102032,19,19.404203894180622,31.30099883697921
grooming,102033,102112,79,15.706728500544177,30.01810113668673
sniffing,102113,102147,34,17.346185275711395,29.813548712989334
rising,102148,102202,54,19.020299098065106,30.834501075152403
sniffing,102203,102300,97,12.34738172091743,30.17418788841111
pausing,102301,102451,150,10.702856994266378,30.023088176333545
sniffing,102452,102507,55,17.95727040822469,29.543543152297747
grooming,102508,102562,54,21.180568523321796,33.30577747228941
rearing,102563,102742,179,17.143073975349683,34.67752734247288
grooming,102743,102802,59,28.207309513540405,32.09741478375701
sniffing,102803,103022,219,24.05085351458464,31.605322219940128
rising,103023,103382,359,13.658419559750893,36.25999168317266
rearing,103383,103802,419,20.160947730938823,37.31563377939332
rising,103803,104357,554,14.432177246196078,37.25838869039912
rearing,104358,104417,59,15.221934583968071,37.10785156184564
climbing,104418,104577,159,28.714091906443365,33.178399056158774
rearing,104578,104637,59,24.541357324644718,35.98505987696423
sniffing,104638,104757,119,18.771212613303078,36.959231551780704
rearing,104758,104842,84,16.750836217652456,35.378924963503046
climbing,104843,104952,109,34.15310945886744,38.720132946125574
rising,104953,104962,9,24.070898010433872,35.35598421801076
sniffing,104963,105282,319,19.000916466623046,29.95957039525062
grooming,105283,105362,79,19.70135373119483,32.51366916173786
sniffing,105363,105657,294,28.52326810150268,30.521833852322636
rearing,105658,105697,39,25.448587875352246,30.863964187866134
climbing,105698,105792,94,42.58533981114804,46.757987516359925
rising,105793,105827,34,21.033322391872723,34.39924664047697
sniffing,105828,105957,129,16.126321704640507,29.49808528542601
rising,105958,105982,24,22.162957785935006,31.522942156982005
right_turning,105983,106040,57,57.84532002782747,30.174124531955687
walking,106041,106096,55,126.85395413024216,29.616528428065056
left_turning,106097,106132,35,104.22027875997236,25.815510040070123
sniffing,106133,106322,189,15.780190449666986,22.825595500540047
rising,106323,106337,14,13.985607188136743,25.52406160802565
sniffing,106338,106407,69,13.317790057713285,26.2069722329351
hunching,106408,106587,179,14.137229059005378,26.268331900439605
sniffing,106588,106742,154,12.920123760445104,26.89062756410503
grooming,106743,106922,179,15.122945103604026,26.304765125566053
sniffing,106923,106950,27,14.993781329254746,26.122064361552003
pausing,106951,107401,450,12.47579709322654,26.062638195666253
sniffing,107402,107422,20,13.527851118497717,27.377361765430123
hunching,107423,107542,119,17.420705837890456,27.147132371023257
sniffing,107543,107550,7,12.306123258580039,26.251442837897613
pausing,107551,107998,447,12.220576759785148,23.95704386163133
