revised_movement_label,segBoundary_start,segBoundary_end,frame_length,average_speed,average_back_height
sniffing,0,12,12,36.540650034535595,22.677993824477042
right_turning,13,48,35,59.65814619735295,21.19663064116302
trotting,49,82,33,206.20979924029405,18.321445866332862
left_turning,83,97,14,60.17444145610097,20.33079117243358
walking,98,119,21,139.53235569204242,17.34885052768021
sniffing,120,126,6,42.524173050255015,26.72456308443407
rearing,127,142,15,48.17440346231035,41.1637338323681
sniffing,143,165,22,23.983437046098654,17.372268008959153
walking,166,187,21,107.5666686486864,22.92456074168593
sniffing,188,198,10,31.382182147950413,25.46397782882808
hunching,199,231,32,36.708558043929955,37.13885008986033
right_turning,232,240,8,98.16250685013217,25.61524827941022
walking,241,291,50,164.21561283423208,20.50069609723466
stepping,292,328,36,85.7086280056757,18.467751152199213
sniffing,329,336,7,59.69665551500026,24.162309511498286
hunching,337,354,17,38.565191212243825,40.70284270392992
sniffing,355,437,82,12.44065238974593,14.558924810185069
stepping,438,440,2,17.718646485713947,21.345590382481078
grooming,441,449,8,20.547092730292032,24.228247094187722
rearing,450,472,22,34.259176492502,41.60477579552232
sniffing,473,516,43,22.688460897156975,23.896222918044135
walking,517,545,28,100.29804571133629,20.378738005661347
running,546,576,30,257.9943520876838,18.61008450284636
walking,577,596,19,184.19009600054392,15.001540776862232
sniffing,597,637,40,30.420904990652023,21.725985783458068
rearing,638,660,22,26.89122345984266,42.192949214874915
hunching,661,705,44,31.70837907634841,32.3222228594109
sniffing,706,712,6,51.97422409714771,21.25386577893874
walking,713,747,34,140.59912203683635,21.703980487175276
running,748,778,30,237.87625349028949,20.384303904769332
stepping,779,806,27,51.17458691629167,16.79129675082091
sniffing,807,826,19,27.55725558775693,22.263378895434204
stepping,827,932,105,69.78140702830984,21.88859491331763
sniffing,933,953,20,33.97759148267733,24.83016844110221
walking,954,989,35,160.67254151310496,24.377532224709764
sniffing,990,1039,49,52.989144880256475,28.205335629627225
walking,1040,1058,18,155.02030168605435,24.75988575681747
trotting,1059,1098,39,182.10955299111725,19.794024733960875
sniffing,1099,1171,72,44.84940454654851,18.83768400213469
walking,1172,1191,19,89.68982975750005,23.435087192756516
rising,1192,1205,13,32.81602772641927,27.088805054536994
rearing,1206,1231,25,32.103690736479386,40.47727674768949
sniffing,1232,1265,33,22.100620222162437,24.51416268840481
left_turning,1266,1278,12,118.52258962549212,23.283998511488228
running,1279,1309,30,253.26557517843236,20.58396862880144
trotting,1310,1328,18,226.04100641338238,17.346048182957766
walking,1329,1342,13,151.8799515880541,17.88855521939705
stepping,1343,1378,35,89.89061158796427,17.359819959359875
sniffing,1379,1431,52,37.182113795759115,17.90622476379848
hunching,1432,1434,2,30.024900686327083,33.19890719760067
rearing,1435,1460,25,37.84373797178347,46.63438077859788
sniffing,1461,1694,233,28.16166373208049,23.503455301188893
rearing,1695,1746,51,47.881314052326324,41.86186357275592
sniffing,1747,1800,53,26.347770833272495,22.447264641297394
pausing,1801,1951,150,9.894290839609262,23.002423224773036
sniffing,1952,1994,42,21.876609828493372,23.826200758123832
walking,1995,2073,78,136.73745083656647,20.395912735850978
stepping,2074,2106,32,75.30555976457813,18.653310803407955
sniffing,2107,2117,10,36.86748392375796,31.808224874624162
rearing,2118,2138,20,45.15224730529773,51.48984344730428
sniffing,2139,2221,82,22.12350606667984,22.935228691060686
hunching,2222,2224,2,40.39397368518795,35.949923689941826
climbing,2225,2282,57,35.74734355996901,53.553920518279924
sniffing,2283,2392,109,37.92255867230956,24.58413759316402
left_turning,2393,2429,36,32.65199291874235,24.093673207913174
sniffing,2430,2458,28,58.792115868639655,27.38905919306833
left_turning,2459,2483,24,86.70825252571225,24.207871117379856
walking,2484,2492,8,61.31557911118094,29.93120392117007
climbing,2493,2533,40,27.290464137024916,41.912572829331
sniffing,2534,2674,140,39.797172199892,26.79632397060271
walking,2675,2682,7,96.00874279027482,21.56181411199799
sniffing,2683,2753,70,21.00513321502378,28.160406254166364
right_turning,2754,2766,12,74.1572939389465,20.988306643066508
sniffing,2767,2805,38,51.13520027618131,28.44584508757299
walking,2806,2838,32,125.63427246588626,22.368233212128366
stepping,2839,2860,21,96.47971368581995,19.985624197394106
sniffing,2861,2901,40,32.466244310128516,25.84524857407988
stepping,2902,2905,3,105.83779273504743,20.187727812396496
walking,2906,2930,24,132.01241109357417,16.78841003749198
sniffing,2931,3050,119,30.8538343600171,21.273521151054993
hunching,3051,3160,109,12.033807418794138,30.46891571220109
sniffing,3161,3324,163,8.509877896581507,29.816483683229073
right_turning,3325,3330,5,35.147924987594116,27.470920492158854
stepping,3331,3338,7,102.22663735013907,22.304127832948872
trotting,3339,3404,65,198.76227755289358,18.233430297134895
stepping,3405,3428,23,66.77953251553409,17.9815283399863
sniffing,3429,3474,45,68.42437359149733,20.649024131189957
stepping,3475,3512,37,77.40306080709625,17.914903164721988
sniffing,3513,3558,45,31.14556118854417,23.059792367918956
grooming,3559,3615,56,19.55738546289606,23.01293023246929
left_turning,3616,3648,32,54.81019610665234,22.522793888189394
sniffing,3649,3713,64,27.285315257042217,21.669102562439164
grooming,3714,3719,5,36.42171335727162,27.324999770514353
rearing,3720,3750,30,40.29456907215667,45.56385241556766
sniffing,3751,3786,35,40.86322377487078,23.726447393632984
hunching,3787,3816,29,42.82286566267518,40.13309888782127
stepping,3817,3855,38,39.75896359557379,20.245258468391413
sniffing,3856,3942,86,40.15769265177965,21.111081369086698
trotting,3943,4021,78,187.72287064813162,19.470048222556596
left_turning,4022,4036,14,46.529142082614996,16.902940958282212
sniffing,4037,4090,53,17.343731477857325,18.778708634039468
left_turning,4091,4101,10,21.596751757696673,21.7635325216139
sniffing,4102,4184,82,35.14596984980762,22.115297238626972
right_turning,4185,4205,20,48.08083356615386,19.8038378135517
walking,4206,4284,78,123.01893976634176,17.894107646678307
sniffing,4285,4320,35,32.038921175648376,16.275551706274168
rearing,4321,4329,8,33.87875413484182,38.48183310923212
climbing,4330,4372,42,21.482337738798062,49.17212850825693
grooming,4373,4378,5,30.79589678060408,29.35505072813352
sniffing,4379,4470,91,18.17857251018013,17.328353370030708
stepping,4471,4497,26,65.99626160283675,20.14084557665537
left_turning,4498,4502,4,70.77093888286764,21.989299568462837
sniffing,4503,4519,16,43.477342227797045,29.777950364849392
trotting,4520,4559,39,217.99383029586593,21.52648186460422
stepping,4560,4586,26,89.12594886961732,20.84036992871214
left_turning,4587,4616,29,44.670336813142484,19.950925381222522
sniffing,4617,4631,14,29.99519001996389,26.97107908679202
hunching,4632,4633,1,25.067914662029835,33.16333678626481
rearing,4634,4663,29,45.14591419488634,44.67726658841028
right_turning,4664,4672,8,138.74239424147402,23.013006788041363
trotting,4673,4717,44,207.56963867101456,22.434487961554687
stepping,4718,4725,7,69.89716400868699,19.763661796832345
sniffing,4726,4732,6,42.752536955965056,26.440697344961798
climbing,4733,4783,50,45.748229614030386,46.23944118228536
hunching,4784,4798,14,40.71782926787528,39.66458145675944
right_turning,4799,4812,13,103.08043752916117,24.785286007906393
walking,4813,4852,39,137.3695754857917,24.91963490620998
stepping,4853,4883,30,62.51689842270663,25.90837345053794
walking,4884,4916,32,163.12481485369204,20.42560926141907
sniffing,4917,4927,10,36.65098586846292,19.48607404396162
left_turning,4928,4944,16,25.245174504214585,18.313540540100757
sniffing,4945,4965,20,29.860239801747152,22.943498047104203
right_turning,4966,4975,9,100.31034507030648,26.598092319231007
walking,4976,5102,126,156.80031721317266,19.304396454164163
sniffing,5103,5110,7,41.93023524854469,26.323609629447418
rearing,5111,5144,33,35.8627407864764,43.00018547552116
sniffing,5145,5198,53,35.73324975953547,24.70417646426163
left_turning,5199,5214,15,114.6377877817186,26.064038868168467
running,5215,5218,3,174.18490170086005,22.472452879799576
left_turning,5219,5228,9,194.77954106715248,21.636936630879546
running,5229,5254,25,250.6716501165002,21.549274344956835
trotting,5255,5272,17,199.13086266291805,21.836037341671368
sniffing,5273,5282,9,38.605311787140764,27.791625486036992
rearing,5283,5334,51,29.2673877553698,49.65039855389886
left_turning,5335,5355,20,71.55007900379144,24.746983429310696
walking,5356,5375,19,190.03289229256626,22.773901676265687
sniffing,5376,5384,8,61.42313329124627,31.02487661136449
hunching,5385,5429,44,21.6142310279909,35.00928483820852
sniffing,5430,5447,17,49.569841783709386,25.75726562980428
right_turning,5448,5449,1,84.55970162219394,37.79411804559834
climbing,5450,5480,30,42.98835606414928,51.652780429099145
grooming,5481,5489,8,40.41210388570083,31.289763362947546
left_turning,5490,5499,9,162.86376745513297,25.846512136654855
trotting,5500,5518,18,200.28659983297442,25.508770587538628
sniffing,5519,5528,9,55.971912846390694,29.786248954442716
hunching,5529,5662,133,6.160820388985565,33.25881767853321
sniffing,5663,5670,7,32.34684770493283,28.670247347985402
stepping,5671,5707,36,76.4201082783561,23.963180052350502
walking,5708,5753,45,97.25658241174006,19.908237058938862
stepping,5754,5790,36,16.606417629432826,16.36577876772852
sniffing,5791,5796,5,28.352565266079353,25.07324548372004
rearing,5797,5841,44,25.384769004155185,46.798870389633755
hunching,5842,5851,9,11.159737809291752,31.470066332089367
sniffing,5852,5896,44,11.520043591075819,19.870468530630244
climbing,5897,5930,33,26.846325042430085,54.687377191217465
sniffing,5931,6004,73,15.812179217125365,19.108002145942624
hunching,6005,6008,3,26.829137528057746,31.61296935521435
climbing,6009,6034,25,35.3564252172049,45.73974372580442
sniffing,6035,6067,32,56.260448727515495,26.07440601905074
trotting,6068,6099,31,193.0632473650566,21.979079023999304
stepping,6100,6110,10,69.47568662084437,17.257311305984654
sniffing,6111,6126,15,21.934536422683973,16.891862309900866
rising,6127,6139,12,24.96442185137081,26.981742012125935
climbing,6140,6188,48,17.01798850889634,45.51105101469121
sniffing,6189,6208,19,28.71139036248053,20.98359256096192
walking,6209,6257,48,122.01818127431937,17.640881716303287
sniffing,6258,6277,19,23.14243600240041,18.635939023303465
rearing,6278,6303,25,37.732533382614655,47.74434150339466
sniffing,6304,6355,51,15.789284007420168,20.19853233049802
grooming,6356,6369,13,51.84952159863982,24.104081339339082
left_turning,6370,6418,48,64.55801725075997,23.66057608674501
walking,6419,6450,31,183.12875063683086,21.019604633935963
pausing,6451,6601,150,13.578639517183625,14.130180033526036
sniffing,6602,6614,12,11.187711534981174,13.603879970541369
grooming,6615,6642,27,20.444587182399143,25.96103988003034
hunching,6643,6664,21,31.960543259775957,35.754206995668234
stepping,6665,6711,46,86.17907347193008,20.347212796618937
sniffing,6712,6787,75,39.24541067633272,21.458082592157663
hunching,6788,6792,4,18.608753828490414,36.60226213660968
climbing,6793,6842,49,45.71642644048151,38.28583642354299
stepping,6843,6877,34,83.38053053354531,21.060117919123776
walking,6878,6920,42,178.8046217885905,20.569172822178988
sniffing,6921,6925,4,39.40383760396149,25.4594612028607
hunching,6926,6963,37,33.382501510592895,47.314998296735645
sniffing,6964,6974,10,36.08002839617632,25.852962091410713
left_turning,6975,6981,6,38.071837381064725,18.944009763513954
sniffing,6982,7011,29,20.07710962658429,19.735890156416364
climbing,7012,7070,58,34.46500555810808,50.90373158945673
grooming,7071,7076,5,42.91078355308826,28.039525339705808
sniffing,7077,7115,38,13.9388675435227,20.7123774912356
left_turning,7116,7163,47,109.11362552000587,23.878213779982428
walking,7164,7204,40,145.81416886168526,21.58435182379384
stepping,7205,7242,37,67.71653329628089,20.550026629964947
sniffing,7243,7255,12,22.787493726658454,23.7873705480171
walking,7256,7293,37,99.89090971414258,21.40387809716434
sniffing,7294,7341,47,23.679607093079195,18.8759799795834
climbing,7342,7383,41,32.73831465209004,51.7854746937589
hunching,7384,7393,9,69.94189452450144,33.8237620362406
right_turning,7394,7400,6,193.0856451581788,24.731956264801305
walking,7401,7473,72,165.58818901104996,21.77151484621799
sniffing,7474,7488,14,21.298153679546918,22.536026873687067
hunching,7489,7502,13,28.034805586014706,36.22174377817188
climbing,7503,7547,44,37.7402235536882,51.11661610569964
right_turning,7548,7557,9,137.27664717925282,22.62227444334393
walking,7558,7597,39,180.95578265431763,21.913498826281085
sniffing,7598,7618,20,47.499838895641496,20.697456175325506
left_turning,7619,7625,6,26.967359189046952,20.895634811025474
grooming,7626,7632,6,21.400184324898714,27.73249216717031
rearing,7633,7640,7,42.80291323816257,42.861585065073186
climbing,7641,7710,69,19.446249735062484,54.946898116760494
right_turning,7711,7718,7,146.87572210081274,26.74025233715667
walking,7719,7749,30,142.25104656212923,21.6782624363726
trotting,7750,7804,54,202.5288720537515,19.69607750218387
sniffing,7805,7829,24,71.02196388349238,18.414280203871062
stepping,7830,7845,15,47.510450972307225,17.285621364727504
left_turning,7846,7851,5,53.78824705639,23.76237651230568
sniffing,7852,7858,6,59.037476226364795,28.97588853240698
rearing,7859,7870,11,41.61534462506241,46.54721118057838
climbing,7871,7927,56,28.714119717753103,54.43116002887221
sniffing,7928,7945,17,64.6660945994639,25.9741293421207
walking,7946,7985,39,181.50626337691725,21.54175408551585
running,7986,8012,26,247.61029665216108,21.9205500588898
stepping,8013,8030,17,110.29033914861591,21.181995576278222
sniffing,8031,8036,5,67.91975603289823,26.397176071759777
hunching,8037,8047,10,48.39312989175561,39.078279008032865
climbing,8048,8105,57,22.890913661825405,53.957757221224085
sniffing,8106,8115,9,59.23797940708471,31.465138555547348
walking,8116,8239,123,147.62699765716295,23.192254901515494
hunching,8240,8282,42,20.700496858032388,42.940096916383105
climbing,8283,8373,90,11.062683422405113,47.311949087308896
rising,8374,8376,2,29.730825113625553,30.967953306301823
sniffing,8377,8415,38,46.274605650503986,23.8099359161435
right_turning,8416,8429,13,90.30216646272105,24.7821732467492
trotting,8430,8487,57,204.9476533421634,22.288679770711106
sniffing,8488,8522,34,73.60565965012975,21.096881917862884
grooming,8523,8554,31,33.45088454363835,31.494027069038175
left_turning,8555,8570,15,125.58535211572266,24.327114309241203
trotting,8571,8597,26,215.36195393381382,23.984755421094974
running,8598,8616,18,241.31439664289385,21.250551542894428
left_turning,8617,8664,47,55.366493758821285,21.66063796272307
sniffing,8665,8738,73,21.657664772554163,18.911116241772685
walking,8739,8782,43,141.75815628190455,22.07244195563138
sniffing,8783,8793,10,25.611366801579518,26.252455223630008
climbing,8794,8851,57,32.251071700029556,53.624491939152406
grooming,8852,8864,12,56.121377498233464,33.990916019730555
sniffing,8865,8907,42,18.035733171479144,23.76346093681428
left_turning,8908,8916,8,82.64021201159353,28.085958923226375
stepping,8917,8957,40,70.3368287844128,25.038942563062864
left_turning,8958,8963,5,188.90171861204726,25.607011394949783
running,8964,8981,17,284.61843754840186,23.261383167839746
trotting,8982,9010,28,197.67757993252476,21.05250938829833
walking,9011,9040,29,84.03263282581162,19.452730779267608
stepping,9041,9079,38,46.45399337692164,16.44166423578212
sniffing,9080,9086,6,26.479703091346668,27.206959168411583
climbing,9087,9125,38,34.29056710090459,49.568528437401575
grooming,9126,9140,14,23.984757018200185,29.768941057024612
left_turning,9141,9156,15,97.86271741810235,24.521141298467455
trotting,9157,9212,55,197.48603122929867,22.206929338467326
sniffing,9213,9271,58,24.121872392381782,17.84256037549412
grooming,9272,9278,6,61.984005162343244,30.340180694220987
sniffing,9279,9294,15,53.279532146361305,21.07257167752003
left_turning,9295,9358,63,116.95374502553013,23.194162832332644
walking,9359,9391,32,151.17014982783022,21.333714545833878
left_turning,9392,9397,5,49.74762180619095,21.353289204040976
sniffing,9398,9406,8,35.47606059775265,22.253170809025313
grooming,9407,9425,18,49.209111794306494,28.755457170381025
left_turning,9426,9434,8,159.2012345913895,19.318919620880994
walking,9435,9460,25,149.3237368226316,20.147499157306445
left_turning,9461,9505,44,67.01566180663899,24.597229769373683
trotting,9506,9529,23,223.9427680728422,22.90837860468035
stepping,9530,9568,38,33.73942246299966,21.43321462364719
walking,9569,9597,28,150.1688689788223,23.495700536183417
stepping,9598,9636,38,45.751741477415905,19.233170460030564
sniffing,9637,9641,4,45.587161793869804,27.05869147917254
hunching,9642,9643,1,53.67268391524699,34.592132000924984
climbing,9644,9702,58,24.36652234651141,53.08754171721336
sniffing,9703,9739,36,23.282504498837103,18.87585008315513
climbing,9740,9796,56,20.712346494845182,55.35351293309865
rising,9797,9803,6,58.38050036457498,30.93875272579819
sniffing,9804,9814,10,20.856926053300796,20.739064428876848
right_turning,9815,9862,47,60.27858784808672,25.502285572336444
trotting,9863,9938,75,207.26079557345528,22.219861246459075
stepping,9939,9966,27,63.833382949405475,20.269971123739083
sniffing,9967,10071,104,36.87880221142124,28.076559449705353
stepping,10072,10114,42,94.03144289732832,25.691178305408933
left_turning,10115,10121,6,220.38436072699872,24.786606681786225
trotting,10122,10164,42,201.43902042210848,23.84518042328286
sniffing,10165,10212,47,40.50473909556222,23.475476685401446
walking,10213,10227,14,77.6612162337975,21.38236438211185
sniffing,10228,10301,73,34.090996605264905,20.677117029888205
walking,10302,10356,54,107.90800451202622,21.577144943471374
stepping,10357,10397,40,29.955899303767538,25.81274150185554
right_turning,10398,10417,19,65.60886880548858,26.930425756712452
running,10418,10440,22,274.96107171402844,23.75304084728662
walking,10441,10475,34,182.055235241069,20.042106015292855
sniffing,10476,10483,7,57.22501985848848,24.80555478799047
rearing,10484,10523,39,37.69354342721552,50.67250842782669
sniffing,10524,10583,59,18.29284518254253,19.306668068251977
grooming,10584,10595,11,60.78198347566187,30.198528874123102
walking,10596,10599,3,108.85927901263706,24.28899852341681
stepping,10600,10623,23,68.77223592695927,25.419646391026948
walking,10624,10648,24,117.387665080926,19.027013186207355
stepping,10649,10682,33,76.94658603198947,17.987099736864145
sniffing,10683,10727,44,20.350448737254627,18.03971636048825
walking,10728,10761,33,125.94737107135627,19.28220443479449
sniffing,10762,10912,150,31.497475065890452,23.273333122725763
trotting,10913,10944,31,217.24879238836257,19.48890148802407
sniffing,10945,10984,39,37.872251476233046,22.04198678210749
hunching,10985,10986,1,74.8864537765523,38.27428617042339
climbing,10987,11027,40,35.10240980641772,49.562956476156614
sniffing,11028,11047,19,28.1177530749844,21.380374288982416
left_turning,11048,11053,5,152.48960961504767,23.844402655611727
walking,11054,11079,25,141.2608626273493,23.6608454724216
sniffing,11080,11090,10,40.13535751736398,28.026016031014645
rearing,11091,11132,41,26.230876472945106,47.42523851334149
sniffing,11133,11144,11,43.724199809438254,25.03286298702726
left_turning,11145,11150,5,167.55338632135542,24.296014214143693
walking,11151,11182,31,150.5476561402105,24.903203418326264
stepping,11183,11196,13,78.05093430147386,29.53659564290171
walking,11197,11216,19,95.08775891542544,22.913218002067076
stepping,11217,11269,52,58.914942623320655,20.152043867871537
sniffing,11270,11291,21,26.655903966493213,23.031496547746915
hunching,11292,11293,1,36.19718396054396,32.534983233181826
climbing,11294,11353,59,26.44907007552457,49.81596882714777
walking,11354,11401,47,120.20940020156156,26.335989178035536
trotting,11402,11435,33,213.03404119021522,27.049962992668686
sniffing,11436,11492,56,19.05535731473226,18.661977154171655
grooming,11493,11499,6,55.2525017193931,30.08534523711688
left_turning,11500,11513,13,143.877225475982,25.435334567175516
walking,11514,11594,80,148.0939339005115,22.043168200886317
sniffing,11595,11652,57,33.12047117705141,22.49165264234652
climbing,11653,11698,45,33.03997460089465,50.31275550527044
rising,11699,11705,6,48.016393237750584,33.89123582551006
sniffing,11706,11755,49,17.383524586596344,19.24545495796684
hunching,11756,11790,34,50.581033520978536,45.46519783320618
right_turning,11791,11800,9,103.67555082282902,29.017681617616773
stepping,11801,11826,25,80.54758939342761,30.645153785908192
grooming,11827,11855,28,18.18421881448983,40.48499080676859
hunching,11856,11875,19,26.09500179827553,43.37870052395617
sniffing,11876,11894,18,70.22097180353592,32.855173109462136
grooming,11895,11919,24,33.48898858487521,36.344116731228034
left_turning,11920,11933,13,82.0598091031395,22.131489665824052
sniffing,11934,11957,23,20.54271260273698,30.21655944211028
hunching,11958,12000,42,27.31741515535478,42.89531968289478
walking,12001,12024,23,99.97881955240304,25.539440861315473
sniffing,12025,12034,9,57.34878411209858,36.00860722217409
hunching,12035,12077,42,21.579649707789667,44.577754305030204
sniffing,12078,12098,20,57.010477869684685,33.62508915571846
climbing,12099,12156,57,22.72613944776295,44.909410878302275
walking,12157,12189,32,88.6137685713944,29.212680973948867
climbing,12190,12249,59,13.973851406797447,47.37634948766174
sniffing,12250,12259,9,51.77785332292068,23.870466430919127
walking,12260,12264,4,84.61531316477989,21.6677254944996
sniffing,12265,12279,14,59.813996268278956,28.033653072961684
climbing,12280,12373,93,16.269575088427157,54.81595709278876
hunching,12374,12380,6,54.032492105527275,38.32776413974647
sniffing,12381,12404,23,17.05022517369946,28.489514007943523
hunching,12405,12486,81,12.311237404126409,38.859524056770205
sniffing,12487,12513,26,62.24111274763086,30.872377932142417
walking,12514,12535,21,86.77677500086484,27.978118030450194
rearing,12536,12559,23,30.465001333225416,47.00976908599552
walking,12560,12563,3,53.23856254577159,31.39001053428321
stepping,12564,12567,3,40.3563677827978,21.321311527247023
sniffing,12568,12577,9,46.29207017092983,20.039736671416815
left_turning,12578,12594,16,53.038827613698565,19.585444526157705
sniffing,12595,12600,5,30.047045781737094,28.004914303554667
hunching,12601,12621,20,11.209418055691666,32.90859482665532
rearing,12622,12663,41,11.164533292910093,38.55401892696111
climbing,12664,12721,57,19.690036279573494,48.0068864291061
sniffing,12722,12752,30,20.454625996853633,22.960614814743757
grooming,12753,12825,72,40.67346127909999,32.5052079774752
left_turning,12826,12831,5,180.13499083005806,26.551123010474686
walking,12832,12845,13,177.45206941305975,27.140950506437264
sniffing,12846,12849,3,58.7815199122478,33.789072019477146
hunching,12850,12898,48,25.227181395951042,42.422804920934595
climbing,12899,12955,56,13.435231499729497,53.654459632455726
hunching,12956,12961,5,67.94960378986,31.988094939723343
sniffing,12962,12981,19,45.014709441594505,33.34566182494185
hunching,12982,13021,39,25.592441750203157,39.99654394488717
left_turning,13022,13035,13,75.9341276734068,22.87515490129042
sniffing,13036,13052,16,28.461189307277294,19.99482488525466
walking,13053,13101,48,148.0230376944968,23.118269665886277
sniffing,13102,13274,172,23.965792043981125,20.55795176762106
trotting,13275,13310,35,220.16500102417757,19.369730781495477
sniffing,13311,13333,22,37.88626365680375,19.1436393078268
stepping,13334,13379,45,64.15382578060903,20.76551336091124
walking,13380,13433,53,138.57757343967964,22.64348528286973
sniffing,13434,13450,16,52.955802958675896,32.633441964003666
walking,13451,13482,31,144.78281454984221,19.56977010226047
stepping,13483,13510,27,69.60949193698045,20.070998764356737
sniffing,13511,13540,29,10.658716140553121,25.75219881294252
left_turning,13541,13558,17,44.77513987685102,24.90080712105195
stepping,13559,13578,19,68.59055356155173,21.27880725801983
walking,13579,13605,26,133.46675312324265,22.68148555986734
trotting,13606,13637,31,200.2673615480316,23.030700232212418
stepping,13638,13672,34,94.62670209826183,18.242120806457372
left_turning,13673,13697,24,34.71482609903597,18.467252002068086
sniffing,13698,13738,40,35.81895326481857,24.817945468499016
rearing,13739,13769,30,43.91582733965699,42.466005903790276
right_turning,13770,13775,5,43.67864112674285,23.88265537375044
walking,13776,13837,61,116.43950925440194,25.422187892589616
hunching,13838,13870,32,27.77745170615834,42.594679361583644
walking,13871,13873,2,84.3610009369144,23.518816247189406
stepping,13874,13912,38,67.38600818161005,20.619006124919093
walking,13913,13945,32,102.22119697534252,23.33830656577481
sniffing,13946,13974,28,21.29906989935167,20.22094527036324
rearing,13975,13999,24,41.50494905916057,49.89268345037838
rising,14000,14002,2,35.61264006088279,32.35876798790434
sniffing,14003,14033,30,15.158474646224326,22.98735451797648
left_turning,14034,14061,27,66.92279257153729,24.164651584923796
trotting,14062,14085,23,232.63166067362886,25.901957670891235
walking,14086,14105,19,127.4353366331114,19.74816731203601
stepping,14106,14148,42,79.65064430402103,17.900333788964613
sniffing,14149,14212,63,45.27250636867606,23.62082790560789
walking,14213,14247,34,124.03189226596946,23.11358005753181
sniffing,14248,14286,38,61.52314112593662,22.592265596455643
trotting,14287,14348,61,198.47836139779517,21.139759028307573
sniffing,14349,14355,6,47.1644380126748,20.20156227785816
stepping,14356,14369,13,53.38581865988298,19.831103029682133
sniffing,14370,14403,33,18.215326609025283,18.84599236606045
climbing,14404,14482,78,32.64344024301007,54.47766681428889
stepping,14483,14498,15,112.52774066720106,22.871657910586446
trotting,14499,14526,27,212.70866167305334,26.067498609596587
walking,14527,14609,82,134.4669128754594,23.48058615127809
sniffing,14610,14681,71,32.429407563160275,22.817500694457134
stepping,14682,14761,79,59.45627834759391,21.865408956837157
trotting,14762,14776,14,185.82998711656722,21.42578968559054
sniffing,14777,14794,17,25.53242187147888,21.631421101466568
stepping,14795,14817,22,35.59328407453684,19.369858063709934
sniffing,14818,14828,10,38.29937549851219,25.150848535552964
right_turning,14829,14833,4,75.4969959622818,24.20482797715479
sniffing,14834,14877,43,31.445003897519996,22.967902942963338
rearing,14878,14888,10,52.90231384853633,40.52510610610122
climbing,14889,14915,26,39.95489042973804,55.283810256055375
hunching,14916,14922,6,65.41112169641016,34.34748107925408
sniffing,14923,14924,1,86.65529346510786,28.680729941835178
right_turning,14925,14929,4,155.19119574782107,25.297194565343574
trotting,14930,14981,51,230.38827374120348,25.168606371169
left_turning,14982,15038,56,62.45671765969198,23.808342032143134
stepping,15039,15055,16,61.79789412547499,25.018719408091425
sniffing,15056,15126,70,31.637079946033314,22.710277692357042
right_turning,15127,15177,50,64.37798080661015,24.7178935129537
trotting,15178,15219,41,224.4428793338216,23.15987772281748
stepping,15220,15258,38,62.66829615075414,22.731255288682057
trotting,15259,15292,33,185.3398853104879,20.875180070696796
stepping,15293,15326,33,82.35013613899864,21.38207961829523
sniffing,15327,15361,34,29.637016120935044,20.1936120616909
rearing,15362,15400,38,32.094289163274205,45.23679524526401
grooming,15401,15412,11,62.30675891616542,30.646737772529423
left_turning,15413,15420,7,224.3632054482031,27.21675177960112
trotting,15421,15430,9,186.4086133840833,25.82958292307846
left_turning,15431,15460,29,53.28342761542071,26.23403621805302
sniffing,15461,15519,58,26.67456716910625,27.46427103192062
walking,15520,15526,6,121.43025805357358,23.183151573976424
trotting,15527,15557,30,231.83870341379222,22.946219197689413
walking,15558,15596,38,97.32380499890807,19.533890027860654
left_turning,15597,15610,13,101.39588158983578,18.499560186241563
walking,15611,15643,32,131.9577952805218,17.751129758317763
sniffing,15644,15670,26,23.124329334086184,20.511586256836576
rising,15671,15688,17,26.096200230189478,30.271522294224926
sniffing,15689,15714,25,25.26789774615009,21.189325570592118
stepping,15715,15814,99,46.34163520165794,18.975484971996238
sniffing,15815,15863,48,24.66282974923485,19.136600295174716
rearing,15864,15874,10,37.544081869065124,43.32189346935131
climbing,15875,15899,24,41.81178484309684,50.95045197538448
walking,15900,15902,2,54.08215909441699,28.92667412346758
sniffing,15903,15918,15,26.7967396569612,22.13420478109583
trotting,15919,15958,39,204.3071887147044,20.6456970294522
sniffing,15959,16031,72,33.92018582343076,20.805184611688055
climbing,16032,16064,32,33.233288643565494,54.488840510946915
sniffing,16065,16185,120,35.272858298856285,23.89792483559668
grooming,16186,16245,59,26.94007332483385,20.600446719040892
sniffing,16246,16265,19,22.475635020363743,16.39683852206164
grooming,16266,16275,9,30.250881431277833,28.357233455353622
rising,16276,16288,12,60.008726618231776,30.042502082853243
walking,16289,16301,12,144.54508172318342,22.61812507295338
sniffing,16302,16317,15,53.086570976912085,21.777449748497382
running,16318,16355,37,270.18846297852133,23.27711226003576
sniffing,16356,16372,16,52.71868621090579,30.336589009593716
right_turning,16373,16375,2,83.98697685439932,22.346966118729146
walking,16376,16417,41,108.39730124976222,24.926228752134847
trotting,16418,16460,42,215.1085165232935,24.424667654945413
sniffing,16461,16480,19,40.06617913432424,21.923200408325428
walking,16481,16515,34,114.23684492852968,24.59266862373936
left_turning,16516,16516,0,41.65601475380238,20.930999395447035
sniffing,16517,16550,33,36.07750369341658,23.885710607508887
climbing,16551,16606,55,28.53349093874861,51.32606641504661
sniffing,16607,16724,117,32.473030372259046,28.88179169634014
grooming,16725,17109,384,20.29078534339457,36.32695891018794
climbing,17110,17161,51,21.684705510848314,44.11959179470528
grooming,17162,17227,65,28.506999729833623,38.68812047298013
walking,17228,17236,8,143.01572410009396,23.81126974094117
sniffing,17237,17242,5,96.1993982834051,31.63005355368301
rearing,17243,17274,31,24.360222047388277,47.47741704364685
sniffing,17275,17303,28,45.36790880449984,29.051185038981668
climbing,17304,17353,49,18.720185971369773,46.05646861124943
walking,17354,17357,3,27.737033308851032,32.11788012005927
sniffing,17358,17380,22,34.910747104808046,23.080098428214445
walking,17381,17401,20,154.4800514041633,24.995075893810956
sniffing,17402,17415,13,79.82340349992812,30.590877352613695
walking,17416,17471,55,158.9088274291965,17.94564293071662
sniffing,17472,17507,35,59.257186360062406,24.01208321181642
rearing,17508,17518,10,56.922688074307324,40.19473359225862
climbing,17519,17578,59,31.925538278037486,46.53189091803477
sniffing,17579,17618,39,76.18758936567181,30.89356906873304
climbing,17619,17656,37,19.431906709292843,44.7746692403938
rising,17657,17662,5,37.791885535461205,34.593835665602974
stepping,17663,17683,20,49.48871058812603,20.169976276880597
sniffing,17684,17732,48,32.048631100734795,25.236031260445145
hunching,17733,17755,22,32.19965594794604,39.58709008654171
left_turning,17756,17758,2,87.09035397382708,24.750839869487663
walking,17759,17799,40,117.93285143667757,24.669602116179632
sniffing,17800,17806,6,65.7054424873058,33.44550905484573
hunching,17807,17831,24,34.05184695551309,43.00745592418067
sniffing,17832,17851,19,69.22526862045197,29.90275785484412
rearing,17852,17897,45,24.252038412753397,42.95997910349165
hunching,17898,17961,63,18.444229782073332,38.344414654836214
sniffing,17962,18009,47,35.545368202499525,34.66960487585564
walking,18010,18031,21,113.0836755679371,26.23239913752491
trotting,18032,18061,29,228.82114897626155,20.517254751524653
stepping,18062,18103,41,60.22467273052898,18.852404492003572
sniffing,18104,18116,12,34.94257213347923,28.361732040440895
rearing,18117,18134,17,50.41662799466512,45.56230447283812
rising,18135,18138,3,72.35260501421729,34.264842492952866
left_turning,18139,18145,6,112.64459888355233,24.80284915315107
stepping,18146,18180,34,69.5961313695409,24.221736521893288
sniffing,18181,18248,67,19.079115985111024,28.326385688488116
right_turning,18249,18257,8,64.07262833185453,24.702116888017414
rising,18258,18269,11,51.11017776500427,28.629926382357237
rearing,18270,18321,51,39.72184359232089,47.07669920333914
sniffing,18322,18357,35,52.32998755604174,25.20379624496545
running,18358,18373,15,256.63318045948415,24.537136905583047
walking,18374,18398,24,103.03265063619983,18.039221152110983
sniffing,18399,18406,7,42.0035880275631,19.422040220405485
left_turning,18407,18413,6,129.1980021467409,23.919925374630022
walking,18414,18439,25,138.63999095587343,20.639258608115654
stepping,18440,18459,19,82.27524667551718,18.58950421372867
walking,18460,18511,51,116.83619317109603,18.565460518060284
sniffing,18512,18528,16,51.26602611103278,23.12686751780335
right_turning,18529,18550,21,46.92142064882578,21.654687217960575
stepping,18551,18579,28,39.48997915716599,20.73269837893322
sniffing,18580,18665,85,59.92286938976234,21.440587264643046
right_turning,18666,18693,27,54.143623725076736,23.096973127173015
stepping,18694,18731,37,55.61701994698721,20.7089498446549
sniffing,18732,18743,11,31.82411958458429,26.40879093622001
rearing,18744,18777,33,38.016289960660266,46.948622556801865
sniffing,18778,18801,23,54.11908534406106,21.133692814278746
running,18802,18825,23,221.26169649331624,18.910271242161745
sniffing,18826,18873,47,28.7365193427696,20.343546842218213
hunching,18874,18910,36,36.37074505445361,37.934285865350866
sniffing,18911,18938,27,38.350875775168426,22.888858771913867
walking,18939,18976,37,158.34155857889976,22.64358088117936
left_turning,18977,18984,7,112.63362357974543,23.225266205812364
trotting,18985,19014,29,223.85972939228643,25.845666087786675
stepping,19015,19056,41,64.46026062363225,21.041355362762424
walking,19057,19091,34,190.2517362358335,22.01378851852496
left_turning,19092,19117,25,105.77627292982676,26.26419126751933
walking,19118,19122,4,139.3248904814527,29.508715115727675
sniffing,19123,19133,10,52.393777879398975,36.69084606349281
climbing,19134,19173,39,20.275331881104506,45.12233381919068
grooming,19174,19199,25,25.512458384202617,32.519574688553014
sniffing,19200,19229,29,39.401143537703845,30.57514065322222
hunching,19230,19268,38,26.29235337651302,43.29895384067442
sniffing,19269,19303,34,63.2330000044461,32.74935583678546
climbing,19304,19359,55,18.790334323280593,46.75306650940223
sniffing,19360,19376,16,40.72479033075084,27.244617757710486
grooming,19377,19388,11,40.170081891218636,36.227888616967405
climbing,19389,19448,59,16.986722462214285,44.43849390494963
sniffing,19449,19483,34,12.045892870670384,30.342531978768577
grooming,19484,19541,57,17.56224525699288,33.840902185368975
sniffing,19542,19554,12,29.86714209977904,34.08787701389469
hunching,19555,19608,53,25.13359180074254,38.51539371174745
sniffing,19609,19652,43,40.07699251357536,30.105907731298203
left_turning,19653,19654,1,111.64828735684424,26.830443204304707
sniffing,19655,19658,3,92.66704051651345,31.320561046606656
hunching,19659,19699,40,39.20076114640161,44.02344607887455
left_turning,19700,19702,2,94.37449247251844,23.04289283692223
sniffing,19703,19742,39,37.71599757506956,27.795145590990394
rising,19743,19794,51,13.695412408778502,36.86115726639531
sniffing,19795,19843,48,31.14195683514019,24.63735044345597
climbing,19844,19948,104,28.48047889793238,50.62448271818499
walking,19949,19969,20,113.98541589570266,31.22119078039071
stepping,19970,20003,33,70.44035611236274,21.719127844408423
walking,20004,20044,40,164.99450987725308,23.225589808898334
left_turning,20045,20088,43,67.0857505460648,23.703884640638535
walking,20089,20155,66,142.3798451035492,19.969282689873957
sniffing,20156,20257,101,39.71464867663472,21.259505810727287
running,20258,20268,10,240.55840069207443,26.097207085200992
trotting,20269,20297,28,203.19244467101657,22.566165189856864
stepping,20298,20345,47,83.38729231097088,20.28230904588082
sniffing,20346,20352,6,24.543636321969107,29.274262530823684
climbing,20353,20412,59,32.25900397431535,54.97594565542067
sniffing,20413,20434,21,24.731465088513417,25.992834658968363
right_turning,20435,20467,32,85.49710594591606,23.527137382772786
trotting,20468,20499,31,202.63861888846463,22.5018503638839
sniffing,20500,20540,40,29.31931360435981,22.751819132301712
left_turning,20541,20570,29,46.791615541295236,19.1849409819765
walking,20571,20605,34,124.21146425862412,19.99338453365233
sniffing,20606,20631,25,52.294518834212376,24.339198531419502
stepping,20632,20667,35,60.803556133217754,20.86859543831396
right_turning,20668,20699,31,75.91582637284856,26.83272633211291
running,20700,20731,31,268.19936139821954,22.7657989288603
trotting,20732,20749,17,206.7078273685633,19.385602951287645
stepping,20750,20782,32,56.49293265154215,18.390039980382486
sniffing,20783,20794,11,28.087479951212263,26.279251255527697
climbing,20795,20854,59,29.51359006575893,48.66636188958306
right_turning,20855,20861,6,152.74364304112015,23.824254570747723
walking,20862,20882,20,107.99745850081193,21.08775936447944
running,20883,20904,21,253.06481960532793,21.831469939150843
stepping,20905,20915,10,77.89160292571431,31.068456937990526
hunching,20916,21018,102,11.803971574730829,38.77423188398976
sniffing,21019,21054,35,58.95790718738666,28.55166542507812
rising,21055,21121,66,40.89051059275952,35.80938594089398
rearing,21122,21225,103,19.573952696395704,45.36304950252531
sniffing,21226,21264,38,26.583667695412295,26.17056882971116
right_turning,21265,21289,24,73.78466269589137,28.321649674598643
sniffing,21290,21421,131,44.66419278527622,30.633153490527576
rearing,21422,21443,21,50.53551021074588,47.23089228532447
sniffing,21444,21446,2,101.26632497555569,34.1270819210832
left_turning,21447,21449,2,168.30363241808962,27.274795587687322
walking,21450,21477,27,93.09404737292517,19.51087450433612
sniffing,21478,21484,6,35.56736126364583,26.040303259760204
rising,21485,21500,15,49.85609262159751,34.934951654488955
left_turning,21501,21532,31,100.69371079978082,23.8524358400287
walking,21533,21543,10,80.85231753237409,31.303299617425235
grooming,21544,21592,48,21.5852521888961,40.6809300536268
left_turning,21593,21603,10,54.45525095906678,20.939657457033164
sniffing,21604,21637,33,27.98702610516476,31.716319818173226
hunching,21638,21660,22,17.11355259596095,39.72282998458163
sniffing,21661,21711,50,20.284926623896723,29.12783606678337
hunching,21712,21741,29,15.9335056367749,42.332574721955254
grooming,21742,21781,39,19.365640812459752,40.2295839925798
stepping,21782,21798,16,61.6132314568735,27.671823811925066
sniffing,21799,21838,39,38.44002657900561,24.6372821697872
stepping,21839,21864,25,57.88725952628537,20.904107147704508
trotting,21865,21874,9,188.86534158403916,23.975687600255007
walking,21875,21915,40,145.02171153536554,19.036248544839946
sniffing,21916,21923,7,30.6841314924634,21.69921295158298
walking,21924,21956,32,106.23255890089872,20.79422002850179
sniffing,21957,21975,18,28.741154123878488,20.389127496229612
walking,21976,22000,24,186.30363803562093,23.512400597051602
sniffing,22001,22033,32,37.4864944277161,20.907284243603666
walking,22034,22045,11,123.53845446708858,23.403133389229904
stepping,22046,22087,41,83.45990648713956,24.30876240887688
trotting,22088,22135,47,229.43387928062566,23.30027592678923
sniffing,22136,22174,38,28.529103254253634,26.93271767853077
hunching,22175,22195,20,60.07168108920186,38.47646344227329
stepping,22196,22214,18,78.08160666982491,24.72871235031783
right_turning,22215,22223,8,139.59670041587384,28.62009472389719
trotting,22224,22248,24,228.34782994458303,23.73368879111273
walking,22249,22272,23,146.22557248029503,23.14724158702027
stepping,22273,22317,44,91.51832277255653,22.94408472156419
walking,22318,22357,39,105.8437257953553,21.906136508809876
grooming,22358,22380,22,54.31369194700464,31.284522897396172
left_turning,22381,22387,6,195.94957494909713,20.319056707438772
walking,22388,22409,21,165.6476222977369,19.511299966474425
left_turning,22410,22443,33,73.22015788052715,18.80712717603695
walking,22444,22477,33,116.17319270231069,16.08179735808735
stepping,22478,22495,17,50.06838420607991,16.881864393009245
sniffing,22496,22546,50,23.43168962369509,19.118222828826003
right_turning,22547,22561,14,115.78194010886456,22.831713505028812
trotting,22562,22583,21,225.9349890438614,23.198802640375497
sniffing,22584,22625,41,26.19464103270869,18.00171041549559
rearing,22626,22654,28,34.27728100734389,47.59222953482819
hunching,22655,22678,23,10.172178959961313,36.74940127348758
sniffing,22679,22739,60,13.149323079264617,17.448557454703494
grooming,22740,22778,38,28.5905943166673,32.83535563301894
sniffing,22779,22801,22,26.108172167825614,33.97402818950968
hunching,22802,22855,53,18.530129060587154,41.114856472476774
left_turning,22856,22865,9,110.21407295976478,27.228362153654466
stepping,22866,22898,32,83.92258837217777,27.202467499697732
trotting,22899,22923,24,215.8061615617208,24.66599982290292
sniffing,22924,22929,5,78.40024916999242,27.580956905849675
walking,22930,22937,7,136.32251361156958,23.95180211412114
trotting,22938,22962,24,190.73355088911453,23.53824085472766
walking,22963,23025,62,109.45177310770777,20.200209771349158
sniffing,23026,23033,7,32.13148024882006,22.495694592807713
hunching,23034,23066,32,39.535420376483586,37.81246865971528
left_turning,23067,23079,12,151.1532817796007,27.23901940565276
walking,23080,23151,71,130.98125743714036,22.883080260579796
sniffing,23152,23263,111,13.269133798947605,20.20045217488317
left_turning,23264,23277,13,129.30325447143565,22.94156432684514
running,23278,23319,41,243.16719824538563,20.114280164483265
stepping,23320,23345,25,64.01424579718687,18.857498899226215
sniffing,23346,23353,7,24.58990341368702,25.94576219026691
grooming,23354,23382,28,24.087749664240867,26.244524650760575
sniffing,23383,23402,19,64.27798203951156,22.829301606958275
trotting,23403,23427,24,205.35345214408832,27.526695060351923
walking,23428,23444,16,152.25301702289863,29.597698562165583
hunching,23445,23488,43,22.620860597856904,38.33407811520487
climbing,23489,23512,23,49.42160854268138,52.03797283970314
stepping,23513,23552,39,72.32752614702108,18.71253408344355
sniffing,23553,23586,33,15.690534207057942,18.77852430721306
climbing,23587,23616,29,51.20156185267144,51.66378525155515
right_turning,23617,23624,7,109.75631537989031,28.63570451330927
sniffing,23625,23633,8,52.363608328643316,36.966286108958776
rearing,23634,23662,28,13.97060480196603,44.02057266623109
rising,23663,23665,2,36.57889462942961,39.30430475659688
walking,23666,23675,9,65.7745254966708,33.54321906469504
hunching,23676,23733,57,13.265600349896854,43.04451178393116
sniffing,23734,23747,13,57.73625008104825,28.560329299704666
rearing,23748,23770,22,48.11432804773252,47.69590308692224
grooming,23771,23806,35,51.90150275161171,35.526420394927875
walking,23807,23815,8,100.87041434630288,29.051051926391196
climbing,23816,23854,38,40.5877846212365,56.79417892641795
sniffing,23855,23858,3,77.8589684217371,34.62125961330998
walking,23859,23879,20,134.75531431995702,29.834687146776133
sniffing,23880,23906,26,42.97131511800916,27.26553913517117
walking,23907,23912,5,97.09127937973032,31.168758558423093
hunching,23913,23914,1,102.41241705635707,37.96354141786791
climbing,23915,23956,41,51.358087880303216,52.64447793908052
sniffing,23957,24025,68,27.532438110805703,18.730540221638027
left_turning,24026,24034,8,117.5026668932707,24.792614764061145
trotting,24035,24062,27,218.24275658829788,22.786751681726447
sniffing,24063,24081,18,52.28324681144463,29.822198813919734
left_turning,24082,24099,17,90.2989368393396,18.612858504952243
stepping,24100,24123,23,59.067527535626056,17.259158346753985
sniffing,24124,24130,6,66.46159153730387,28.486281120880964
rearing,24131,24131,0,67.34182867765584,36.30041826808392
climbing,24132,24174,42,46.52072725730838,51.16791050795075
walking,24175,24216,41,139.46190046411314,28.381231771328835
sniffing,24217,24246,29,55.832385584465094,28.01124475865644
walking,24247,24268,21,120.27797115757484,22.194657619563273
sniffing,24269,24276,7,57.5568382987751,32.58529332207023
rearing,24277,24309,32,44.17638191321339,50.699736524563164
stepping,24310,24329,19,70.09597332682524,21.316647751501783
sniffing,24330,24339,9,48.48260669004895,33.27943788220164
hunching,24340,24360,20,27.420326075625944,44.66691412771089
sniffing,24361,24391,30,18.452545073561947,28.168109558728297
rising,24392,24408,16,29.050858541596327,41.282235605827076
sniffing,24409,24425,16,45.12009484962073,27.832613916779984
rearing,24426,24461,35,39.63187329245997,46.343623509705054
sniffing,24462,24471,9,18.934433434381646,25.563913193915724
right_turning,24472,24488,16,102.93769361044978,30.112752934952923
trotting,24489,24508,19,235.2805040949915,28.791578887744414
walking,24509,24539,30,128.3477120679435,30.206365727011907
hunching,24540,24604,64,20.63940197424951,32.983842724639636
walking,24605,24622,17,153.94275597000563,22.661861486961225
sniffing,24623,24639,16,59.91020626256808,27.393940870596115
walking,24640,24675,35,80.12374616009886,28.98813961555928
hunching,24676,24677,1,79.4031703124688,37.9678636674768
climbing,24678,24702,24,65.50482039372187,48.11966123823151
running,24703,24709,6,207.0937464708831,28.267493931686406
walking,24710,24745,35,133.91994035741328,21.100726842666052
sniffing,24746,24754,8,81.83402380494095,30.912397640809502
climbing,24755,24777,22,34.24355185106954,41.338655648121055
walking,24778,24808,30,98.62253198639465,21.471701282962297
sniffing,24809,24816,7,34.75551654792429,32.745542156442795
climbing,24817,24903,86,26.667668309790372,45.27334852708917
right_turning,24904,24918,14,158.62499355345014,27.99377142318536
stepping,24919,24939,20,52.409879381004465,22.28029611130234
walking,24940,24966,26,140.55598506451676,24.46585834609508
grooming,24967,24985,18,43.833128105176264,38.460332500955985
walking,24986,25004,18,106.38387070398035,28.11639182615817
climbing,25005,25039,34,34.001564291460504,48.5871563181989
left_turning,25040,25051,11,202.94227022248333,24.65415243458959
walking,25052,25059,7,125.72793234194337,30.377108596390986
climbing,25060,25161,101,11.655602219536743,37.96946623527899
grooming,25162,25176,14,35.30989702187063,35.92794785944903
left_turning,25177,25179,2,96.4141082378472,24.417057670533776
sniffing,25180,25195,15,68.4633845858167,26.314062381642216
hunching,25196,25243,47,17.853564701302478,31.455200735660892
sniffing,25244,25295,51,24.333061771016258,21.381430561005352
walking,25296,25327,31,97.82103815482975,20.936167366672176
sniffing,25328,25350,22,20.545489208072258,22.01839235380032
walking,25351,25391,40,187.49795919328795,21.538826773573913
sniffing,25392,25430,38,27.641108223159637,19.296342618329028
climbing,25431,25477,46,34.76016202614621,52.216061761051144
rearing,25478,25480,2,76.35583124174728,32.81421159099089
sniffing,25481,25509,28,51.318670659167026,31.35882415137943
left_turning,25510,25522,12,180.15191779471206,26.682626939675757
running,25523,25557,34,294.6701585523132,26.310627288283836
trotting,25558,25577,19,196.32453963743455,22.257047041514205
sniffing,25578,25605,27,29.175557149276056,21.333285810927578
grooming,25606,25631,25,32.13038454152652,33.04923129584319
hunching,25632,25691,59,14.918199657881875,40.66139642143424
sniffing,25692,25711,19,53.26291103102051,37.117429969568995
grooming,25712,25724,12,36.86660817617708,36.39732042673485
hunching,25725,25744,19,38.861099577893334,43.113565362183
sniffing,25745,25786,41,36.80323449675474,29.802971442929664
grooming,25787,25834,47,14.402926430086438,37.123543354480205
walking,25835,25860,25,110.68185403251799,30.06737391058412
rearing,25861,25882,21,23.12979501612117,45.969927436858605
sniffing,25883,25917,34,38.02253998639545,33.5088215780437
rearing,25918,25937,19,26.54351237124544,44.37925398311099
sniffing,25938,25958,20,66.46079704506963,30.95119326486925
grooming,25959,25985,26,27.03735428905149,34.633708577952454
sniffing,25986,26020,34,25.276757594805662,29.20954157104365
rearing,26021,26080,59,17.39918368502062,43.25677973209615
hunching,26081,26140,59,12.240376347438538,42.35908282777059
sniffing,26141,26161,20,66.57572245966412,32.05984660856974
hunching,26162,26221,59,12.114318451064966,42.526447003163824
sniffing,26222,26254,32,74.82751249057239,27.43841227407277
rearing,26255,26275,20,16.832856636015322,45.094214273114574
climbing,26276,26475,199,11.306923423929401,41.81933237672323
walking,26476,26497,21,55.81291527017166,30.314512292201684
climbing,26498,26539,41,19.49435736017536,47.97581037794552
rising,26540,26556,16,20.046917707928788,34.73530231242424
hunching,26557,26606,49,16.26401068913083,39.853148482189084
sniffing,26607,26626,19,59.58987457043423,29.150629058866535
rearing,26627,26640,13,16.94106233157459,42.375445171079946
climbing,26641,26697,56,13.087743125288876,46.16765888545914
sniffing,26698,26719,21,16.075890168634377,30.951396352910418
climbing,26720,26811,91,12.774164577168138,43.494028078122106
grooming,26812,26851,39,16.641058667461465,32.72195895420846
hunching,26852,26901,49,19.903203786398468,38.1351302741204
sniffing,26902,26937,35,37.34910937582245,28.570864968205367
rearing,26938,26991,53,15.033035648023908,41.17536062434874
hunching,26992,27034,42,18.254325806922154,38.404868367285594
rising,27035,27062,27,40.97453990729881,37.92780756033421
walking,27063,27084,21,93.3805103041644,30.517006217536252
hunching,27085,27098,13,40.865965977674804,40.72918466167916
rising,27099,27144,45,32.64245678106401,33.23034539884705
sniffing,27145,27228,83,26.481661948118987,27.83365449302383
rising,27229,27280,51,26.729883398126354,31.20596720126495
walking,27281,27327,46,92.70553391799044,29.879531493728003
hunching,27328,27344,16,36.684277090002524,40.23867347324078
sniffing,27345,27366,21,74.9933912559577,31.633857282515137
climbing,27367,27424,57,15.533143456992999,40.852217112241696
hunching,27425,27446,21,28.82435354994129,39.12652968725321
sniffing,27447,27463,16,37.567714036871166,29.420869828806385
hunching,27464,27465,1,32.714214509765284,37.83816070103242
rearing,27466,27494,28,48.85444120718641,49.23889126032206
sniffing,27495,27605,110,49.83727483288706,28.84951208838463
hunching,27606,27654,48,22.70798528023276,38.501150573455995
walking,27655,27683,28,64.54544928778697,29.521260774904373
hunching,27684,27713,29,24.634155385514035,41.416341483501775
rising,27714,27719,5,31.72042788836048,36.75755877234546
grooming,27720,27761,41,19.698347023647226,34.52119953540684
hunching,27762,27800,38,15.91800994477546,38.395430863736834
sniffing,27801,27868,67,60.75011171123409,30.824940568304182
walking,27869,27904,35,94.86861775969177,30.40145326750769
grooming,27905,27917,12,40.99573955017688,39.1482986352567
stepping,27918,27937,19,96.47710091644689,26.362519180178623
rearing,27938,27992,54,16.528613404115763,42.104771014049575
walking,27993,28012,19,90.12576470660392,27.013845599020687
rearing,28013,28059,46,25.14163590229738,46.397297860209825
sniffing,28060,28100,40,40.399621396436544,27.14383738653111
walking,28101,28124,23,142.37061233938766,32.5870141493095
rearing,28125,28135,10,58.73618240982271,56.19162853838134
climbing,28136,28193,57,16.411501631564114,59.596128816820915
rising,28194,28200,6,36.14532033651799,33.139740292193316
sniffing,28201,28272,71,43.019843326154415,30.05507009267431
walking,28273,28329,56,169.19128262585528,29.195280519789744
sniffing,28330,28339,9,28.49864064942786,30.360580820782097
hunching,28340,28344,4,24.7591456845313,35.67870535403385
climbing,28345,28403,58,14.718104980576982,41.71176882570575
hunching,28404,28422,18,23.530279183422856,34.45954568565759
rising,28423,28501,78,11.732460094571795,30.370353475713653
rearing,28502,28504,2,16.45573885483365,37.46092656345823
hunching,28505,28551,46,25.033733733649377,34.67074222500123
sniffing,28552,28612,60,34.720039403463545,26.47291351890232
walking,28613,28626,13,193.50531539802836,23.13708191699158
sniffing,28627,28636,9,49.02873915575218,27.648714735010877
rearing,28637,28670,33,19.755660017635186,42.991969984839486
sniffing,28671,28714,43,33.494146035483,25.025917496806105
right_turning,28715,28736,21,74.26990712687366,28.810048899431834
walking,28737,28767,30,110.47512210939718,28.12166170615585
trotting,28768,28808,40,256.7573695615016,28.447249765743187
sniffing,28809,28818,9,73.56358740431475,31.71328932332846
hunching,28819,28823,4,18.83447820267464,37.35954791947906
climbing,28824,28880,56,14.430072729060662,40.650681162728276
hunching,28881,28942,61,32.33769558794703,35.92605500918612
walking,28943,28952,9,73.91168558654381,28.994486376328627
climbing,28953,29046,93,19.346409000783346,48.86857263167423
hunching,29047,29136,89,19.116381394303957,35.33998506016156
sniffing,29137,29154,17,82.7580374833965,33.13517907155808
walking,29155,29194,39,91.5616105817625,27.510108897527964
rearing,29195,29230,35,40.20362192393856,43.650412729653375
walking,29231,29234,3,82.02191374432621,20.983237285367018
stepping,29235,29264,29,68.33539656437418,21.985875671617183
sniffing,29265,29300,35,66.89458926627108,29.39768865260293
grooming,29301,29320,19,32.14706849086124,36.75920613938449
sniffing,29321,29367,46,62.21865007312226,23.83604303082232
rearing,29368,29387,19,35.56000429799044,40.56744904968416
hunching,29388,29396,8,87.22972539374304,30.814580712685295
stepping,29397,29415,18,67.5810691878617,20.1483423753781
sniffing,29416,29432,16,33.28284848967755,28.698528853018285
rearing,29433,29462,29,59.91603464224481,48.52110899255446
walking,29463,29525,62,157.77264398182956,29.959592766069974
grooming,29526,29558,32,51.34582192043917,32.371144668335766
sniffing,29559,29603,44,69.94410764414619,30.49479728991045
hunching,29604,29605,1,54.93232958354205,37.95121953871151
climbing,29606,29655,49,33.16739112688033,49.46857744328882
right_turning,29656,29679,23,97.12926653917368,29.44261015213029
walking,29680,29705,25,141.91352342703365,20.45789097181262
sniffing,29706,29711,5,36.94009912872034,24.643835962868014
rearing,29712,29745,33,32.21648552186695,49.409199986870185
sniffing,29746,29792,46,43.7236957173159,28.6177046736258
walking,29793,29806,13,157.32693843284355,22.99910418825097
sniffing,29807,29840,33,22.674557633435114,20.580821943662297
walking,29841,29877,36,177.07287746738106,25.11703417909354
stepping,29878,29906,28,95.41555575606031,24.707941734204958
sniffing,29907,29911,4,51.19492122358757,27.28388202723145
climbing,29912,30000,88,35.013928818666066,50.64997368819103
walking,30001,30025,24,153.00129503469887,31.930562062988628
sniffing,30026,30053,27,87.3888838914581,35.73621418514794
running,30054,30070,16,273.2037124508305,30.030095986424442
walking,30071,30094,23,136.5648423093086,20.529718917231893
sniffing,30095,30120,25,36.441940886397276,19.67250560972485
rearing,30121,30150,29,38.7156574843535,52.97741689582366
rising,30151,30154,3,42.51407237612238,33.0850467225726
sniffing,30155,30205,50,18.852628736472315,20.5414985719413
grooming,30206,30256,50,36.78020430278844,33.879255791490195
hunching,30257,30314,57,16.8531229483702,39.25820268244464
sniffing,30315,30331,16,53.48470552173799,33.658182647560565
hunching,30332,30353,21,26.81819605079534,42.55352356175852
stepping,30354,30371,17,58.12062616199983,28.949688330446673
rising,30372,30385,13,21.051281870607426,30.111439520736972
climbing,30386,30463,77,30.227750986531298,46.96555062549852
sniffing,30464,30490,26,56.480881668085786,32.865757833408026
climbing,30491,30550,59,39.04529762194853,41.875252098091536
walking,30551,30568,17,101.82174582700992,31.511854231164406
hunching,30569,30572,3,33.76717583846008,38.63214226407486
rising,30573,30599,26,57.517200682274634,35.64163630469496
climbing,30600,30643,43,42.13239579165894,54.26770145009127
rearing,30644,30644,0,115.85208430752787,34.4681564781999
left_turning,30645,30652,7,123.51917458410492,30.399995777828003
sniffing,30653,30703,50,51.90024881087102,32.25189027627164
left_turning,30704,30707,3,195.5458413304332,25.82715301655841
running,30708,30723,15,283.9431500615883,27.64029727162538
walking,30724,30754,30,168.31363283071465,21.82532341173909
sniffing,30755,30769,14,25.872051698931624,26.066101015395432
grooming,30770,30780,10,67.10488251068422,26.898692315698337
left_turning,30781,30788,7,232.80218345258248,22.575318486910753
walking,30789,30808,19,153.5823446000249,19.68559179632382
stepping,30809,30831,22,81.2088218277459,18.040363673760176
left_turning,30832,30834,2,92.05419229027939,26.932288780039134
stepping,30835,30866,31,94.36752454909188,28.048322964969483
sniffing,30867,30895,28,42.643131751317306,33.92095131877097
hunching,30896,30910,14,27.831565655596098,42.16817790551888
stepping,30911,30957,46,83.17920311453341,22.27564774136051
sniffing,30958,30965,7,67.38535691186343,29.891289713465362
climbing,30966,31005,39,25.837407122766734,44.24027804971356
sniffing,31006,31047,41,40.02072430976417,25.622566359093113
walking,31048,31060,12,107.84542595529707,25.70710621729309
sniffing,31061,31069,8,20.433669959594155,21.55433387278334
left_turning,31070,31092,22,48.85805423840766,22.003462530617295
sniffing,31093,31136,43,54.69049498096522,21.18505208129708
left_turning,31137,31162,25,81.78061483498904,30.643895403247107
walking,31163,31171,8,129.97697878751882,33.762635112749344
sniffing,31172,31194,22,34.683167121334705,37.478104636711855
rising,31195,31232,37,19.812587652894674,41.43762094819857
walking,31233,31288,55,109.01777296699989,30.504872764818035
sniffing,31289,31300,11,48.937870628454455,33.578493932591
hunching,31301,31314,13,30.592611809081905,37.884557232234066
walking,31315,31332,17,98.30438690345649,22.235177499699102
sniffing,31333,31352,19,66.00612874546633,31.585364795610452
stepping,31353,31370,17,66.25010311915342,19.373874156116255
walking,31371,31376,5,65.64305143850048,25.678171452083472
right_turning,31377,31389,12,104.49438962804604,25.177238071138603
trotting,31390,31401,11,191.7516902980544,24.2073277421777
stepping,31402,31432,30,91.1416211772857,23.28248731785299
trotting,31433,31461,28,187.39410404459045,21.425790599978424
sniffing,31462,31497,35,31.26812186539043,21.316101472516788
rearing,31498,31533,35,31.590864268841642,52.17773839127278
right_turning,31534,31544,10,147.48566743635013,30.05945321501216
walking,31545,31586,41,137.2940267876782,31.876904319529473
sniffing,31587,31594,7,90.52814397502982,31.849118895380208
hunching,31595,31629,34,21.53325833273029,39.58257104710411
grooming,31630,31649,19,80.27504915478605,29.158626891195656
hunching,31650,31655,5,64.5895911412468,36.34938713782001
rearing,31656,31680,24,50.88419417274686,47.60800495984663
walking,31681,31713,32,128.57005893343145,21.600137916601465
climbing,31714,31756,42,43.93649556333604,43.4751729355851
stepping,31757,31797,40,72.18596272779392,22.449834929699396
trotting,31798,31835,37,190.78565651543795,20.305114463868147
sniffing,31836,32023,187,24.998410951670117,22.82559854906831
hunching,32024,32047,23,25.712019906365782,35.36996155028108
climbing,32048,32099,51,25.317688433077688,51.36707109934797
sniffing,32100,32182,82,17.796320320501344,21.809992204902475
grooming,32183,32211,28,64.97478223499542,37.233609571312265
left_turning,32212,32216,4,163.02577769042102,27.849560573463528
walking,32217,32227,10,171.01485651580796,30.207903286484235
sniffing,32228,32241,13,59.59494750928013,37.367112836849294
rearing,32242,32278,36,23.138175622160748,42.97769596991169
trotting,32279,32331,52,197.73538036960394,27.679518445567385
sniffing,32332,32339,7,47.47703695814105,31.5617484403626
rearing,32340,32361,21,24.32050518854173,42.374970481472864
grooming,32362,32376,14,38.92331269900521,38.03454148460938
walking,32377,32411,34,162.2847983675227,32.065458656687696
hunching,32412,32428,16,26.720419703456844,37.05166848994741
rising,32429,32474,45,29.055291074342133,33.60614682787688
sniffing,32475,32511,36,68.51401751137924,31.674186653982932
walking,32512,32531,19,157.40144243827228,28.53292511871937
running,32532,32545,13,261.36649138785987,25.910016382515984
walking,32546,32553,7,102.45547106123786,32.723168071279765
rearing,32554,32623,69,28.25576007476262,43.53582883551438
right_turning,32624,32647,23,89.02062142975399,26.407821215603395
trotting,32648,32691,43,257.55006115405865,22.859458098063996
walking,32692,32694,2,156.84883028861847,29.195320328320207
hunching,32695,32729,34,56.68774994782165,43.160239594860144
stepping,32730,32734,4,62.639644442407096,22.491246248831295
walking,32735,32782,47,109.71843590157226,18.023217259472023
sniffing,32783,32790,7,34.525850969043276,25.856830614603602
rearing,32791,32826,35,25.589220367982698,44.72419992241162
climbing,32827,32965,138,10.973527223870056,49.01198388894099
rearing,32966,33018,52,57.118984242435204,42.26001729895309
sniffing,33019,33046,27,88.20574807111142,36.71199359812878
rising,33047,33062,15,22.684941978947357,37.972529375286456
sniffing,33063,33075,12,49.666320771267564,29.13475626441298
climbing,33076,33143,67,31.779455711745594,47.928588139803104
sniffing,33144,33164,20,37.607764192334194,24.268427536887806
right_turning,33165,33219,54,68.72427344381008,31.76021236926721
walking,33220,33250,30,113.14094231786557,25.063209403671575
hunching,33251,33296,45,20.15162415629629,40.34623818061216
sniffing,33297,33301,4,64.0378573032299,32.83695658090169
stepping,33302,33322,20,58.54752684181715,21.096902864000548
right_turning,33323,33340,17,147.382662903609,27.720286764801486
walking,33341,33349,8,172.2399159865136,29.148758995266537
sniffing,33350,33356,6,34.60287081303159,37.86992761575113
hunching,33357,33415,58,20.054254912751002,37.935048710594515
walking,33416,33429,13,70.05835526972035,31.795829355041025
hunching,33430,33433,3,31.222588949185074,36.10002330928822
climbing,33434,33486,52,15.381928827885886,41.079127901314294
walking,33487,33508,21,94.05708914716973,28.248518455144062
stepping,33509,33530,21,80.51507437207427,24.647759933339163
sniffing,33531,33652,121,39.757298303645086,23.573807772139354
stepping,33653,33673,20,77.33446897807431,25.68208195929956
grooming,33674,33688,14,56.986035143730746,35.515179136844786
walking,33689,33701,12,141.6148990915213,24.841934065320043
grooming,33702,33703,1,83.091808885534,30.36101873319959
hunching,33704,33754,50,16.927900502038128,39.15942977104686
climbing,33755,33789,34,24.094663422581185,42.11363912360574
sniffing,33790,33827,37,38.52525278178063,26.96276460651323
hunching,33828,33866,38,37.51466998359438,39.10126949245196
walking,33867,33885,18,101.85686046312581,21.612975196966858
sniffing,33886,33891,5,26.09198895767835,31.597335220609406
rearing,33892,33947,55,11.909377528480645,45.68466642856775
grooming,33948,33976,28,36.13293652201691,35.92769839273432
sniffing,33977,34032,55,15.115633368191412,19.810165905424867
walking,34033,34068,35,96.61719591401936,28.090624632241536
stepping,34069,34102,33,81.40731613687241,29.283117237759058
walking,34103,34131,28,168.3875943302771,22.215135166327894
sniffing,34132,34148,16,54.731341177998175,22.170529397317267
stepping,34149,34180,31,85.97888484615461,20.239203914307513
sniffing,34181,34200,19,11.416748620557787,17.831597847667858
pausing,34201,34351,150,15.992845558162182,20.93949516812069
sniffing,34352,34390,38,14.487925703788164,21.585848905766568
hunching,34391,34450,59,11.162427091449944,31.691070937241474
rising,34451,34483,32,15.379199138714954,29.330281651288534
sniffing,34484,34547,63,16.624044438211065,20.421001691790753
hunching,34548,34603,55,15.025710332262268,35.814179819755346
sniffing,34604,34677,73,20.624408712116008,23.675521606184827
right_turning,34678,34700,22,104.72464426563243,28.01876436473573
trotting,34701,34729,28,232.1795394139843,28.358866790636327
walking,34730,34754,24,128.4871262094131,27.02291256705566
rearing,34755,34806,51,24.810760487958735,45.705742760490175
hunching,34807,34882,75,21.219270210713155,39.64582790966787
sniffing,34883,34949,66,42.68547406658759,22.429269436348612
grooming,34950,34962,12,16.522728835392925,30.192868773289852
climbing,34963,35013,50,12.022569028457019,44.221013519778026
hunching,35014,35034,20,22.94243369787267,40.29251848702593
sniffing,35035,35132,97,27.86653149178375,22.440632381402473
right_turning,35133,35165,32,170.18684994420082,31.596074117068802
stepping,35166,35207,41,82.10259905411684,31.429628777269404
left_turning,35208,35214,6,161.87476640167864,24.522502945908833
walking,35215,35239,24,155.2854361932082,22.04188711098059
grooming,35240,35246,6,68.1681871549417,32.085628771009134
hunching,35247,35264,17,41.41092399052219,35.85887471292998
sniffing,35265,35363,98,50.11288131679922,25.04108130267483
walking,35364,35389,25,113.81632069313946,23.71047176938998
stepping,35390,35502,112,78.23979143737174,21.164084259111334
left_turning,35503,35513,10,96.88080501067034,29.275853031511915
running,35514,35529,15,243.1963246286799,25.62537711821217
sniffing,35530,35547,17,40.037430174557,34.42667261199107
walking,35548,35561,13,182.30576815422256,30.660203791653082
sniffing,35562,35586,24,52.63380596346434,32.62256494228183
hunching,35587,35604,17,21.812017732836438,42.887705366893286
sniffing,35605,35632,27,35.081077859150795,30.40987361214753
walking,35633,35660,27,146.37204420027982,23.323096117517412
sniffing,35661,35705,44,20.241846521498466,20.808163992952156
right_turning,35706,35722,16,96.15260323085015,26.52194818329696
walking,35723,35820,97,152.6540100477647,23.93447527752957
sniffing,35821,35833,12,35.16628260295188,20.845944628126162
left_turning,35834,35860,26,53.727491252371046,21.378969875838273
sniffing,35861,35872,11,31.636959822551713,31.986788550365237
hunching,35873,35890,17,22.49718242835772,35.88732139295897
walking,35891,35894,3,88.95037543843142,26.057742502268976
stepping,35895,35916,21,105.21358165244375,21.261854539622387
left_turning,35917,35937,20,106.93651153621315,31.492584173385985
walking,35938,35978,40,138.79695953957605,22.69628850705665
sniffing,35979,35990,11,28.471848927565702,20.250591886425493
walking,35991,36052,61,115.90274698395467,22.228784381203766
sniffing,36053,36082,29,28.600291965355495,22.26273998864868
climbing,36083,36165,82,40.78455455451897,53.10252878519095
sniffing,36166,36223,57,29.076617679392754,23.22120644328445
rearing,36224,36232,8,37.95348100905911,40.985367720173
climbing,36233,36268,35,31.808591118081935,60.113929110165856
rearing,36269,36279,10,112.34348670413046,31.666546531714697
walking,36280,36303,23,117.40240650619556,24.11408031521658
trotting,36304,36336,32,207.24935337326363,26.85336900264662
walking,36337,36365,28,105.71983241943019,25.71886682419715
rising,36366,36400,34,26.106765116602666,36.00816657422733
stepping,36401,36521,120,91.05643585249811,27.111983351758575
sniffing,36522,36772,250,41.28701760182333,25.67012805827453
walking,36773,36825,52,110.86529072280199,21.36682203211155
rising,36826,36830,4,26.029443873026004,34.16333789912151
rearing,36831,36863,32,22.790319879594026,43.63173859239986
walking,36864,36867,3,101.20582013334635,30.03920836741548
sniffing,36868,36891,23,80.58874500765619,25.226940331163064
walking,36892,36992,100,150.54811779020324,27.793947539426178
sniffing,36993,37046,53,16.710324466854104,20.434036286368137
grooming,37047,37063,16,29.575021854357757,31.28304469199926
left_turning,37064,37078,14,81.73771387250129,27.88922503517525
sniffing,37079,37132,53,58.313259349245406,23.657417232367738
left_turning,37133,37189,56,70.97436628462403,26.21635771087989
walking,37190,37242,52,144.8955738196978,21.870200383673026
sniffing,37243,37268,25,16.440524190334745,17.63138345140975
grooming,37269,37326,57,31.280246870794755,31.950349411359678
sniffing,37327,37381,54,38.508285914307045,30.282415233602176
walking,37382,37433,51,127.50322226995617,24.375728153033396
trotting,37434,37462,28,203.50499762244561,23.089272586954927
rising,37463,37466,3,33.29469669509153,37.35281553943215
hunching,37467,37496,29,33.26290728232252,44.3348097877681
walking,37497,37499,2,101.44096087267395,27.547118331610125
stepping,37500,37553,53,93.0673091008699,23.762929083483503
trotting,37554,37598,44,195.35186060718928,26.68251504019225
sniffing,37599,37627,28,57.544827405446256,28.84589096870615
climbing,37628,37735,107,14.400808856673645,41.76100508606693
grooming,37736,37763,27,24.15000855997112,30.90068707659167
climbing,37764,37791,27,36.394213637333834,51.64703320661433
hunching,37792,37821,29,27.919045545332686,38.1233040788807
sniffing,37822,37939,117,51.98871461625702,28.925958910492312
walking,37940,37964,24,117.46671051517058,20.586495920116295
stepping,37965,37998,33,70.25190887207133,17.10976005990351
sniffing,37999,38007,8,27.211742135775538,27.179859309924275
climbing,38008,38097,89,32.218111625975475,41.68196281532141
right_turning,38098,38105,7,97.5550780785131,28.184871154186297
left_turning,38106,38145,39,48.526036488469515,23.503911587515052
rearing,38146,38198,52,31.931833852892346,44.73123468723852
climbing,38199,38216,17,48.112979888149226,53.083648835885725
walking,38217,38221,4,104.429209862816,27.966142518177435
stepping,38222,38270,48,93.3198053090228,26.856247381088536
sniffing,38271,38311,40,18.837185557675262,21.555110157683156
walking,38312,38357,45,166.26179849350214,20.07575677001003
sniffing,38358,38370,12,27.63012250966615,24.608234280300444
rearing,38371,38411,40,47.56179557773546,44.700422247409904
trotting,38412,38450,38,203.3870968223852,22.680583593781947
walking,38451,38500,49,113.38498861809936,19.73689489804714
hunching,38501,38527,26,18.859330421590478,35.62491435893921
rearing,38528,38582,54,18.468641024607514,34.47141643136498
grooming,38583,38600,17,22.03600749330276,33.88909193815212
climbing,38601,38640,39,14.114168751002495,36.721962269066594
grooming,38641,38649,8,42.447490311886355,30.380344042314146
walking,38650,38754,104,127.30170154891502,25.779779052703386
sniffing,38755,38779,24,18.589112633992855,19.698521976074304
rising,38780,38782,2,34.162390236320356,30.827636744097976
hunching,38783,38792,9,40.02523671243822,38.890881055578205
climbing,38793,38813,20,44.78518783095069,54.74266319862084
walking,38814,38817,3,51.96973072665318,24.897732030651405
sniffing,38818,38864,46,24.525033672683882,20.311468140389454
grooming,38865,38921,56,13.320805058472411,30.208433524128804
sniffing,38922,38960,38,65.85273950554249,28.31894381187464
running,38961,38985,24,242.38989084110966,23.285832148724843
walking,38986,39032,46,109.78724188960523,21.392539237640104
sniffing,39033,39064,31,23.348095946715404,31.417668809879267
grooming,39065,39585,520,19.67500270430861,30.265200683927663
sniffing,39586,39703,117,34.87320734944949,24.529482509624305
trotting,39704,39763,59,206.08976268256205,23.021066234704918
sniffing,39764,39816,52,26.55122586499079,15.461601762836723
hunching,39817,39858,41,16.601060613540756,33.2058947460114
climbing,39859,39891,32,29.75761934700094,41.02629604865328
sniffing,39892,39927,35,89.9177351290646,27.56434597994612
stepping,39928,39974,46,94.63103420984874,26.73738445899238
sniffing,39975,40022,47,52.40996674870098,34.15957444837123
walking,40023,40067,44,170.166883933958,24.01407776504816
sniffing,40068,40110,42,76.20906339745346,32.40309741223757
rearing,40111,40164,53,16.30896211601703,42.80928579037531
walking,40165,40168,3,102.5660430021792,26.369475845019963
stepping,40169,40226,57,86.32233093346655,22.38633765665386
sniffing,40227,40235,8,31.505804787107632,31.128094528463446
hunching,40236,40260,24,15.673538215583093,36.893188757542674
climbing,40261,40296,35,18.923090807936667,44.15420441265906
sniffing,40297,40303,6,41.58720105588305,26.70407826090254
stepping,40304,40338,34,32.95298961744455,20.26029731339165
walking,40339,40388,49,171.161544625739,27.413776052016487
stepping,40389,40398,9,107.70136239311928,30.349614511195785
grooming,40399,40412,13,28.708575996753154,35.640954494801754
sniffing,40413,40471,58,38.72364672985196,28.815610783641027
stepping,40472,40522,50,100.91308108836138,23.483612441625965
sniffing,40523,40560,37,20.42613033044148,23.243321513559756
walking,40561,40589,28,94.91728759037727,22.442891703146664
stepping,40590,40631,41,66.81477279972962,20.941781317371927
sniffing,40632,40684,52,32.875270072738424,27.659888787519844
stepping,40685,40738,53,55.40313411194917,20.666060426557593
sniffing,40739,40759,20,24.018057647769268,28.106212677741333
climbing,40760,40786,26,31.717612264641772,36.925546446097684
rearing,40787,40795,8,82.5206173905713,25.744904984601813
stepping,40796,40836,40,68.73309109771729,21.940159833894743
walking,40837,40893,56,172.7047383261502,19.19571986239705
sniffing,40894,40946,52,45.51701276998992,24.80779418762421
stepping,40947,40951,4,28.062668108496023,25.734869660279664
sniffing,40952,41156,204,7.858602109108019,28.21438011696925
grooming,41157,41193,36,10.51372117299112,30.414456979534517
stepping,41194,41248,54,80.53601121938796,27.176793681517747
right_turning,41249,41263,14,24.62023622749751,20.517884992626765
grooming,41264,41306,42,27.586727353514583,34.17977276027465
sniffing,41307,41319,12,22.642608579018006,22.79809737494816
stepping,41320,41348,28,96.8144436116679,25.286077801370848
left_turning,41349,41366,17,105.71810440463213,31.264996341664716
walking,41367,41438,71,149.65656813458295,28.267685720238656
sniffing,41439,41461,22,67.90411479342438,28.365782613560356
hunching,41462,41494,32,10.401689635172557,37.12122410971325
grooming,41495,41544,49,36.460641815573354,34.65347400796757
sniffing,41545,41605,60,21.37057021189281,28.53754577274271
grooming,41606,41690,84,18.33262897620849,33.78327104726344
sniffing,41691,41742,51,61.17219824354394,30.163206666254116
rearing,41743,41788,45,22.3659361848143,41.714043590500744
sniffing,41789,41842,53,61.23700837791156,26.913123070575484
grooming,41843,41920,77,14.143635659034894,32.15189610440646
walking,41921,41977,56,113.33482982615128,28.211328769671606
rearing,41978,42009,31,30.26485218995599,43.66969663537502
sniffing,42010,42059,49,33.33866963886725,28.519680639840647
left_turning,42060,42106,46,86.00911664654876,23.60073825215286
sniffing,42107,42187,80,43.130293652286944,30.296077024549067
stepping,42188,42209,21,106.19507359991411,27.362139337625738
sniffing,42210,42261,51,43.14949553183797,27.916930598904628
walking,42262,42283,21,110.76139120068424,25.99217476743507
sniffing,42284,42323,39,58.90279943203698,19.171259271808946
rearing,42324,42353,29,14.032560758269394,38.062186563786796
climbing,42354,42398,44,18.389295930846124,37.15175388503623
grooming,42399,42454,55,18.7038914090001,34.37884280292791
sniffing,42455,42506,51,25.10116065047185,25.935877740644706
stepping,42507,42532,25,59.41182510706096,20.704966809869827
grooming,42533,42562,29,34.16277361490562,33.427091415307125
stepping,42563,42597,34,49.95752602254944,27.176076185861614
walking,42598,42648,50,190.89275942911175,26.39406373565158
sniffing,42649,42657,8,26.953126998583976,33.47157114839744
rearing,42658,42740,82,10.70164978710259,43.20100059602655
grooming,42741,42798,57,20.61107154187407,33.090302520589354
hunching,42799,42858,59,5.329862866844335,36.29302466803626
grooming,42859,42969,110,13.449376643540198,36.672344527615024
sniffing,42970,42989,19,37.10266488757907,31.75827165426717
grooming,42990,43008,18,23.574135907310858,36.850723123758925
climbing,43009,43060,51,17.471475315472887,43.84662558739372
sniffing,43061,43204,143,46.84170027150926,32.88060146265278
climbing,43205,43259,54,18.49200890324227,47.8476519417158
grooming,43260,43266,6,71.46994166519958,35.79401613879936
walking,43267,43307,40,124.78364146211786,28.352292108217725
rearing,43308,43334,26,17.643832354178535,49.3453970924353
climbing,43335,43384,49,21.5397022109793,52.74143626804626
walking,43385,43405,20,91.57754592158793,29.413298348916708
hunching,43406,43433,27,21.025905165687174,41.6901517580967
stepping,43434,43458,24,83.76230953305925,25.953890812560374
rearing,43459,43538,79,14.50396433853258,40.82386946985538
walking,43539,43544,5,66.5448159394492,26.878236927476355
sniffing,43545,43565,20,37.63867427416359,23.969154535450286
climbing,43566,43665,99,17.352047395200962,47.20120087134224
rearing,43666,43688,22,27.498207201052182,43.33401921815273
sniffing,43689,43695,6,44.98358255690035,26.769532930722338
walking,43696,43747,51,159.0353970132915,29.585874892327997
grooming,43748,43752,4,26.366878975280468,37.370167996837104
hunching,43753,43800,47,34.66141495282702,36.61128736706756
sniffing,43801,43834,33,58.70571021852212,33.860275067447354
walking,43835,43870,35,71.74780590582459,32.14572501114336
hunching,43871,43890,19,25.139986589084387,40.5316447870144
walking,43891,43940,49,71.56984871359855,27.987793704474953
sniffing,43941,43967,26,44.573420517792506,31.170280260325946
hunching,43968,43983,15,18.08417384779738,37.014949813253885
sniffing,43984,44077,93,42.90293618031019,30.510227503723574
walking,44078,44144,66,195.27894380260682,27.953366343200326
sniffing,44145,44148,3,47.03279043277226,34.61205542543322
rearing,44149,44175,26,25.42517358674285,44.4756934342198
sniffing,44176,44182,6,45.114364917757634,32.79081983652461
walking,44183,44201,18,97.83998253826088,30.543161681493014
hunching,44202,44228,26,34.54681654571238,44.246726635932085
walking,44229,44232,3,49.67135691938499,26.583434658828555
sniffing,44233,44280,47,65.34053014936126,27.640431268328644
rearing,44281,44308,27,22.37495627684491,38.78693496715745
sniffing,44309,44389,80,51.41647669889776,27.996938539019627
walking,44390,44463,73,162.06845925867037,29.292168236787255
hunching,44464,44488,24,24.299680145944777,39.072699344734126
walking,44489,44529,40,72.65160358926596,30.60430848377941
climbing,44530,44580,50,18.98288226218897,43.88663547902597
walking,44581,44598,17,89.1712426114055,31.506986182529644
rearing,44599,44640,41,25.85061577884042,47.70111898119087
sniffing,44641,44647,6,78.35035721594946,28.60760196406326
walking,44648,44678,30,125.77307476963053,24.96555189465581
climbing,44679,44712,33,24.710761199436927,43.88080934983161
left_turning,44713,44722,9,107.73398102750507,29.941763974514743
sniffing,44723,44748,25,52.62137536416847,34.11603224344737
walking,44749,44827,78,118.60313467630728,26.920933951333073
climbing,44828,44878,50,29.12736009966569,49.29403004590635
sniffing,44879,44948,69,45.735839569646295,25.828578138254823
walking,44949,44957,8,75.50405086648279,35.31950669101154
grooming,44958,44979,21,47.16411071057586,37.805184899550326
sniffing,44980,45014,34,55.32522228990973,26.443272842442582
climbing,45015,45157,142,20.270672835472137,51.28721758041347
right_turning,45158,45163,5,186.78853447792878,31.085549435005237
walking,45164,45238,74,155.87863821038792,27.17453724840043
rising,45239,45243,4,35.2058995411699,35.900936051664296
rearing,45244,45274,30,22.58577099287488,43.07508138423428
walking,45275,45306,31,70.32742275368199,30.888993439006068
sniffing,45307,45326,19,67.05907524944328,27.64623747973095
hunching,45327,45337,10,33.693567457389314,38.47747162241064
walking,45338,45341,3,42.498814352853756,26.34513363601438
sniffing,45342,45513,171,28.754933323852256,21.587348641366315
trotting,45514,45566,52,200.3561054010423,26.94674906023751
walking,45567,45587,20,199.13434104541648,25.184709319868468
grooming,45588,45591,3,44.971802427316526,35.55702175138984
hunching,45592,45614,22,25.539781588337227,39.391911369480994
walking,45615,45673,58,114.43137427147768,23.587976440976494
sniffing,45674,45697,23,21.911080761056112,19.22739505326577
hunching,45698,45714,16,24.233172484271684,39.31475440060017
climbing,45715,45747,32,43.30394885326524,53.94168743703542
sniffing,45748,45758,10,49.15321820342683,22.65106897104768
walking,45759,45876,117,170.72361212384385,24.003483480107114
stepping,45877,45919,42,113.08859139359187,22.77158378776091
sniffing,45920,45999,79,24.034884342000435,25.068268462388147
walking,46000,46067,67,88.50661999252928,19.804104323004044
sniffing,46068,46175,107,26.768491006195184,21.85608133359606
stepping,46176,46268,92,67.17692461282289,19.144107371531575
sniffing,46269,46294,25,30.87383352788511,20.688005713925183
hunching,46295,46301,6,32.19892116599309,35.91643229747802
climbing,46302,46347,45,28.492718328121995,44.43495810260743
sniffing,46348,46386,38,30.591409414414823,23.794599461073723
walking,46387,46443,56,121.06526883540589,23.942928553118698
sniffing,46444,46455,11,37.3705925649702,28.765919543553952
left_turning,46456,46470,14,147.5669265565362,28.289435468614695
walking,46471,46530,59,91.35941944648133,20.945716126938013
sniffing,46531,46569,38,22.863213153182823,24.832775023093184
climbing,46570,46625,55,15.40849318332595,46.242298878371216
rising,46626,46642,16,26.19815116375996,33.736834170380945
rearing,46643,46696,53,34.82201852017228,46.3025604159135
trotting,46697,46734,37,240.90867797114598,29.337113622164278
sniffing,46735,46746,11,70.29130568592392,31.102038325064736
stepping,46747,46785,38,44.020518698630916,24.882282160231437
walking,46786,46842,56,122.40826238263156,21.82201575147093
sniffing,46843,46943,100,50.59788190716887,24.31365710771512
trotting,46944,46995,51,214.303236529616,24.951969699667924
walking,46996,47021,25,109.73291243033054,20.32194327189146
sniffing,47022,47031,9,26.940681315628563,26.698838439545323
rearing,47032,47057,25,30.330925677173617,36.1067910249482
climbing,47058,47106,48,44.877362734471504,49.62430066844644
sniffing,47107,47265,158,21.31243115237158,19.185669434460447
grooming,47266,47293,27,45.92987239042156,31.059747627566292
sniffing,47294,47309,15,36.25300272431992,35.581710264580906
trotting,47310,47360,50,223.38292051696808,26.158918489365476
left_turning,47361,47383,22,117.3750010837698,24.532198051003636
stepping,47384,47443,59,115.70695183403613,24.745111716857455
sniffing,47444,47488,44,75.09524747919272,27.802352305029434
climbing,47489,47569,80,19.39067593206707,46.18814368160459
left_turning,47570,47576,6,84.81521183686174,36.7589233579006
walking,47577,47611,34,99.17978025887567,35.56549331883779
hunching,47612,47665,53,14.96445869059337,40.14452516760571
walking,47666,47717,51,150.08328991981242,29.83988022783825
sniffing,47718,47730,12,43.82431952368248,30.80604087399086
rearing,47731,47772,41,16.96542561149969,41.87789900577235
climbing,47773,47859,86,26.05632685422737,51.40003649059318
rising,47860,47877,17,16.88402150914036,31.137700516840912
hunching,47878,47909,31,23.37095781435844,36.83956594671737
climbing,47910,47937,27,50.14560338699618,53.587914350942704
right_turning,47938,47946,8,150.99849838612954,33.67625534407068
walking,47947,48032,85,76.35629682272345,32.41483748459765
right_turning,48033,48038,5,205.44882767038806,32.80047017969332
walking,48039,48053,14,180.25325878389802,30.059831897835334
sniffing,48054,48098,44,57.01477882064764,33.175992272550445
hunching,48099,48125,26,22.864634792722445,36.68599682077336
sniffing,48126,48166,40,23.868411308113906,23.379128968244974
right_turning,48167,48194,27,64.0934958610299,24.20480649071723
sniffing,48195,48220,25,24.045246722667382,24.111306336230385
rising,48221,48225,4,30.708045876416428,32.48738057237682
hunching,48226,48239,13,41.206984220323356,39.197356481570395
right_turning,48240,48247,7,132.8482772229195,32.93422373437663
walking,48248,48339,91,113.92110970799608,25.287143670206763
sniffing,48340,48347,7,47.49214968747518,29.456767132659042
grooming,48348,48353,5,44.0634462365883,33.991410714569305
sniffing,48354,48476,122,29.8839303933011,22.943771307092472
stepping,48477,48529,52,64.43947464063696,21.567220263087414
rearing,48530,48544,14,44.372875514082445,45.932248066321215
climbing,48545,48595,50,29.153598387682568,51.84798388042286
sniffing,48596,48654,58,32.07068807850964,22.948696911755757
hunching,48655,48678,23,38.27272721775843,38.652825552973226
sniffing,48679,48690,11,72.67770714279378,26.634965444700295
trotting,48691,48745,54,186.37959683705537,28.19321796760521
sniffing,48746,48864,118,34.315085719333645,22.69296205051666
rearing,48865,48907,42,37.71561081494638,44.48655252110111
sniffing,48908,48990,82,41.9662105974814,25.6755693714673
left_turning,48991,49047,56,183.44424074238705,26.501405725820867
stepping,49048,49130,82,101.78410966670147,24.524577032216317
grooming,49131,49189,58,11.301794051050042,30.08591050503778
stepping,49190,49242,52,79.91778042526849,22.419653132473716
left_turning,49243,49258,15,145.29120421620493,21.32079135246631
sniffing,49259,49273,14,35.09231787156419,35.10237311135527
hunching,49274,49372,98,10.31065953954698,39.15537168072642
grooming,49373,49428,55,13.256521410834692,34.68399060317984
sniffing,49429,49447,18,66.23460308726374,28.302405470046335
walking,49448,49543,95,133.4645438266414,25.53996552092428
left_turning,49544,49590,46,187.37594035478332,26.353860678104596
trotting,49591,49640,49,221.21075915602623,22.74731298239755
stepping,49641,49684,43,56.89559694013842,21.43237335158827
sniffing,49685,49954,269,33.594955715142866,23.220738556273854
stepping,49955,49978,23,75.77849291628296,21.316545549743243
walking,49979,50036,57,111.88845252862976,22.96629775934657
sniffing,50037,50050,13,40.23523589078508,22.141393992503815
stepping,50051,50087,36,36.050162252531514,23.104149821070592
sniffing,50088,50255,167,35.8622103373678,23.084594501848397
stepping,50256,50305,49,61.113891621301,23.374908023498524
sniffing,50306,50338,32,44.07481939248708,20.249252172858778
stepping,50339,50363,24,60.87361760446109,20.182819846296294
sniffing,50364,50450,86,15.522546449415952,20.74099780624029
stepping,50451,50559,108,71.57789451586822,20.68611920263074
walking,50560,50672,112,100.94224420261465,24.046255332741367
sniffing,50673,50692,19,55.33078276402566,26.795704736404275
rising,50693,50696,3,35.41448710541921,34.28911428226663
hunching,50697,50720,23,21.68251940095981,38.48865095063453
climbing,50721,50774,53,17.415185622598685,43.01045927695038
walking,50775,50780,5,86.06554748921866,30.925572720623364
sniffing,50781,50790,9,54.607055417812816,34.46107723214417
rearing,50791,50822,31,21.28601654472135,46.217625377771896
sniffing,50823,50859,36,51.06577171021588,26.122940571172347
walking,50860,50896,36,192.0374410895237,24.15886895733604
stepping,50897,50947,50,107.95585798793198,23.522514236228606
walking,50948,51045,97,106.84648370428344,23.426337302678043
right_turning,51046,51095,49,65.60618007060356,22.438812402821625
stepping,51096,51223,127,48.35499938564722,20.702306374029774
sniffing,51224,51243,19,26.161160716205025,23.120231509609813
stepping,51244,51291,47,61.20365161105855,23.466268928908733
sniffing,51292,51309,17,30.933614602768937,24.27227627566731
left_turning,51310,51369,59,78.92900049861562,24.52577947921012
stepping,51370,51549,179,77.45741040285466,21.40432943991668
sniffing,51550,51622,72,28.223158597189755,21.924808552716602
rising,51623,51647,24,35.391869584153376,41.27512394418276
climbing,51648,51701,53,33.3368912708522,47.014992093966704
walking,51702,51759,57,153.97486221586587,27.968080250176264
left_turning,51760,51804,44,118.47289314779262,22.6986050221113
stepping,51805,51845,40,50.98157414185378,25.137850232090088
sniffing,51846,51860,14,42.78571592545459,26.5673490076883
walking,51861,51887,26,131.9580762231113,24.93006132660289
stepping,51888,51973,85,86.65255641593349,23.15996542494818
left_turning,51974,52033,59,67.41331006600048,25.716826156181778
walking,52034,52320,286,134.47750163407426,24.012729970295908
trotting,52321,52354,33,240.73075756972054,26.32203407951639
walking,52355,52509,154,134.3030720544136,22.536226915924434
left_turning,52510,52544,34,106.0167709788387,24.096309524520805
stepping,52545,52598,53,54.409370544845494,22.797004291415217
trotting,52599,52708,109,204.22180053864875,23.900780931513637
walking,52709,52748,39,154.22520674919596,22.70748473399322
sniffing,52749,52771,22,27.385009484710576,25.83423606010187
walking,52772,52821,49,139.28881026599518,23.587298012184192
rearing,52822,52863,41,34.05041461466,49.06788171399829
sniffing,52864,52936,72,25.00413761090586,23.158869695044423
grooming,52937,52976,39,36.91777005397495,32.64694706980945
running,52977,53019,42,285.5933298424092,25.11861984296909
sniffing,53020,53024,4,26.40537205367882,34.608046314295486
grooming,53025,53057,32,26.506590677958755,35.52173126896877
walking,53058,53086,28,137.50733522964032,21.219132877167116
sniffing,53087,53146,59,31.78860947407102,21.732984824711515
rearing,53147,53152,5,42.96066736650834,40.2850800030326
climbing,53153,53171,18,50.6202022429768,53.2402470857084
walking,53172,53213,41,165.04731957735584,21.31177530462353
stepping,53214,53244,30,85.29009256496212,19.14521727207296
sniffing,53245,53247,2,37.29576990131998,30.159777393666076
hunching,53248,53251,3,37.54105774284785,37.48835746918921
climbing,53252,53282,30,48.919921004284376,49.59962220160029
right_turning,53283,53289,6,88.84420143458445,28.535308184944984
trotting,53290,53321,31,254.37351864388575,23.923092362091875
walking,53322,53381,59,130.4163595482628,21.125175038947237
stepping,53382,53428,46,80.79349674953609,21.26148598505573
sniffing,53429,53464,35,34.86824965223482,25.16760219543518
stepping,53465,53489,24,33.14327161858189,19.34541480769928
sniffing,53490,53539,49,15.579184583457222,18.308574918606293
walking,53540,53579,39,129.4404471108254,24.7153600827768
running,53580,53610,30,258.1408284337727,22.371074734491053
sniffing,53611,53622,11,76.37319903368994,29.575333794559224
rearing,53623,53627,4,71.53229281198794,44.28681821317316
climbing,53628,53668,40,38.89446905066899,50.3329290527621
sniffing,53669,53714,45,19.0598136667653,20.18522722211184
hunching,53715,53719,4,51.17557466248765,41.792783063603196
climbing,53720,53788,68,29.839042881539772,52.17993616835151
sniffing,53789,53834,45,29.10929595260543,24.58903745022056
grooming,53835,53839,4,50.11653112162966,29.739447236977394
left_turning,53840,53856,16,139.74677552813523,28.475555152892156
running,53857,53894,37,318.9811762908371,24.94021731896126
walking,53895,53954,59,139.0296996028986,21.60857198077047
sniffing,53955,53980,25,24.53722230102331,20.712070545624254
grooming,53981,53991,10,46.59876748522167,30.696577046447963
sniffing,53992,54052,60,51.127770614217354,28.76396638382519
climbing,54053,54094,41,51.519622636771565,50.59893388874688
hunching,54095,54109,14,59.33568819541163,35.18661678076553
rising,54110,54122,12,50.66652666126425,38.28428629867107
climbing,54123,54151,28,37.94599947198738,60.91235695065384
walking,54152,54155,3,49.47087844268998,27.02657326945324
sniffing,54156,54186,30,25.658461496311578,20.91216418672323
right_turning,54187,54212,25,137.56107119950627,27.7275608195704
walking,54213,54228,15,151.9777829144118,30.14231304183933
sniffing,54229,54246,17,78.61900884451363,35.001215908002415
trotting,54247,54269,22,249.17971177890783,27.645941420048445
hunching,54270,54290,20,31.642869836446522,42.48427661715507
sniffing,54291,54439,148,25.71334366792315,20.527949841512996
right_turning,54440,54465,25,73.5179204383266,31.732571251785455
walking,54466,54527,61,181.0924672230628,28.452017305911866
sniffing,54528,54581,53,49.033532083826806,22.59486753095844
running,54582,54620,38,264.1058553291302,25.33500845848069
stepping,54621,54711,90,58.07065657677257,21.47450585424659
sniffing,54712,54727,15,34.91593167415624,24.64319251779484
hunching,54728,54742,14,29.671465218534284,48.36990309334181
climbing,54743,54816,73,32.96428274364128,53.97542306901566
sniffing,54817,54824,7,40.458417925893,28.747946797418535
walking,54825,54846,21,166.8441933888047,30.05187861190043
hunching,54847,54878,31,64.41690255812817,45.83904878329944
sniffing,54879,54916,37,27.265956262913367,22.85753860882205
walking,54917,54975,58,164.22978009233924,20.13924467817775
sniffing,54976,55011,35,33.87657010690608,21.95408003071669
rearing,55012,55039,27,40.157053428030544,49.12689146762441
sniffing,55040,55047,7,61.29617953395655,22.698807147709438
trotting,55048,55086,38,213.69478331573802,23.36925508904412
walking,55087,55092,5,80.5094771411711,26.08026905781287
rising,55093,55109,16,78.4126949306495,32.55062569634724
stepping,55110,55160,50,65.02554118140193,24.046863591083138
sniffing,55161,55191,30,31.760694873724194,22.611126083930404
rearing,55192,55202,10,29.91090145824105,51.56969951328386
climbing,55203,55246,43,44.75515019259041,52.87787084282225
rearing,55247,55254,7,107.0774371607711,31.744991435267764
running,55255,55300,45,257.86457064104064,25.917299730440178
sniffing,55301,55343,42,44.00356569224636,26.904147439246593
hunching,55344,55375,31,23.652197538350105,43.71817124750194
climbing,55376,55411,35,40.54948355046842,51.63545864946593
sniffing,55412,55497,85,46.2461824815929,23.571100680713588
stepping,55498,55522,24,55.322029569306125,22.800894060439305
hunching,55523,55528,5,44.76215665468799,38.21969531408301
climbing,55529,55566,37,29.03747188808942,53.53499885058822
sniffing,55567,55593,26,18.47958239849542,26.44935909692078
right_turning,55594,55646,52,127.95433334514674,23.764973950151735
walking,55647,55700,53,105.47063692939018,21.327326312774694
stepping,55701,55753,52,100.9833419752617,24.99492739609247
walking,55754,55798,44,130.57973276785242,23.443342057567953
stepping,55799,55851,52,81.8314155690219,20.871953444621788
left_turning,55852,55908,56,118.10668065579522,23.218809095554636
sniffing,55909,55989,80,50.7243329406262,21.701110867028675
walking,55990,56048,58,162.63966822710617,21.945393962992373
stepping,56049,56098,49,32.359078853353616,21.175224282171843
walking,56099,56158,59,131.82123626974115,20.4667333268996
sniffing,56159,56212,53,19.355736356975036,17.81531984869235
rearing,56213,56249,36,39.77946412917156,47.62822299664578
climbing,56250,56333,83,38.25144770197367,57.190476537442834
rearing,56334,56343,9,93.1483496758822,30.535867752838584
trotting,56344,56373,29,219.12378164759568,24.10302561679173
walking,56374,56394,20,132.24110429632233,23.557338359955956
sniffing,56395,56538,143,35.860522816780744,29.453768237565516
rearing,56539,56593,54,10.374506116415589,41.15310768863499
hunching,56594,56616,22,22.03793193414605,36.03276257805712
rising,56617,56631,14,71.66032571455384,33.403079658683474
sniffing,56632,56667,35,48.134411594235615,31.69263013503553
rearing,56668,56704,36,9.945333055248327,37.825003010736765
climbing,56705,56760,55,11.794302023577114,39.9389593733391
hunching,56761,56942,181,17.27023964181869,35.59603647976635
rearing,56943,56958,15,23.404663279621587,38.211722434308015
hunching,56959,56988,29,22.74411930115956,36.55449972431193
sniffing,56989,57034,45,23.30126659105829,35.48234440457197
grooming,57035,57084,49,14.35495318437947,34.83852971883351
sniffing,57085,57155,70,46.77835138026429,33.019983616735594
hunching,57156,57242,86,16.866736156270193,43.66676484745133
grooming,57243,57406,163,17.181705955746683,37.46712387750051
hunching,57407,57420,13,22.53234456701643,38.2011060458686
grooming,57421,57654,233,16.75555951007778,38.23247083084531
rising,57655,57684,29,20.421041218587643,39.49182760946374
grooming,57685,58132,447,19.366699288516,36.51945232260376
sniffing,58133,58142,9,26.66019151784264,35.19945323481002
grooming,58143,58384,241,16.41818080133936,32.368072916992254
sniffing,58385,58411,26,63.404378026838316,26.426998028299483
rearing,58412,58454,42,22.499504826015933,45.34120576732085
sniffing,58455,58662,207,31.063615507485057,24.642984374135747
left_turning,58663,58701,38,133.77532796474935,26.858085242885007
walking,58702,58731,29,128.3063747569989,33.10945344730747
hunching,58732,58784,52,11.075844391291401,42.14943623857706
grooming,58785,58841,56,9.649770138110622,39.99579553108497
walking,58842,58883,41,90.41535423974535,33.25816225102295
rearing,58884,58911,27,20.991753349414555,52.54480269268462
walking,58912,58934,22,41.47494729508169,30.733615027444365
rising,58935,58970,35,47.997738517529484,36.475354913595794
hunching,58971,59016,45,18.14762065320026,40.55629554931644
rearing,59017,59063,46,9.136777715102397,40.67403405285173
hunching,59064,59111,47,29.85572673805188,38.67117638261735
rearing,59112,59170,58,19.19940231446276,45.55023565231537
climbing,59171,59224,53,16.00883835234699,50.6515319631622
rising,59225,59242,17,52.347651616570346,36.6315525692452
hunching,59243,59273,30,27.43089583892905,43.58850759254284
sniffing,59274,59295,21,43.55950056106206,25.746190913454196
rearing,59296,59301,5,41.667157051344475,40.41208879949645
climbing,59302,59335,33,28.349485764983708,56.743792094963716
sniffing,59336,59363,27,24.379771946400854,23.08179213114151
hunching,59364,59451,87,21.16076590078779,35.48098299365179
rising,59452,59495,43,26.901441915083083,34.10209017514173
walking,59496,59540,44,131.87749723728254,31.326965251063353
grooming,59541,59572,31,45.372730153502616,35.886304960122914
rearing,59573,59628,55,7.245826179114415,41.19925241181265
hunching,59629,59681,52,16.16303351463791,39.72462791388762
walking,59682,59713,31,60.67863570134672,29.439565133527267
climbing,59714,59755,41,24.38563590331558,46.19669148921028
walking,59756,59775,19,78.30057936169499,30.249542871851702
climbing,59776,59812,36,17.636503478682407,42.33653701805804
rearing,59813,59858,45,9.71454013540692,42.04706461579016
walking,59859,59866,7,65.48358247864189,29.80176912379409
stepping,59867,59879,12,90.00132526899658,26.50616170956834
climbing,59880,59929,49,15.072150102919775,44.902206868622834
rearing,59930,59973,43,18.856703286118712,41.206990491866755
climbing,59974,60002,28,26.85796451413917,54.76458129482322
sniffing,60003,60054,51,47.618941957302695,28.029623020104133
walking,60055,60084,29,111.23755860766293,33.10737342637512
sniffing,60085,60139,54,17.933536308050485,33.29690009973263
walking,60140,60191,51,145.12842266922272,30.26355318697638
rearing,60192,60243,51,20.711600503294772,45.218746347729976
sniffing,60244,60258,14,65.37925645156928,36.2536669842933
walking,60259,60279,20,82.62796725227138,26.89395528942046
climbing,60280,60314,34,27.06168976600159,46.587923668344125
walking,60315,60322,7,43.06619829186252,32.568308293906895
sniffing,60323,60400,77,40.11942015439771,28.619551352979787
grooming,60401,60404,3,63.973859409725875,37.834991199692944
sniffing,60405,60446,41,51.4337712059435,34.04768212704786
stepping,60447,60463,16,62.49602071996885,23.895512487634782
sniffing,60464,60521,57,17.47370060961785,17.177451937089437
rearing,60522,60566,44,11.144702115214288,37.40070800001692
climbing,60567,60655,88,13.634334536905943,42.0754214583558
sniffing,60656,60775,119,14.58248966889389,21.968177999487928
hunching,60776,60820,44,41.165773171238534,33.94927033396536
trotting,60821,60850,29,214.27096703305224,30.833102234760233
walking,60851,60871,20,143.19435843142088,30.357250705659162
rising,60872,60897,25,33.787547465549274,38.056230481114184
walking,60898,60915,17,126.32226046547709,25.442453229512452
hunching,60916,60953,37,14.677551393104439,37.10079902083157
sniffing,60954,61045,91,52.67243636059328,25.012062214163056
rising,61046,61049,3,43.75894755416263,34.56561206173686
climbing,61050,61101,51,25.768645378858608,43.02692827155233
rearing,61102,61139,37,26.918096496474437,38.578663166090074
climbing,61140,61160,20,43.115532984428604,52.08806366724498
sniffing,61161,61209,48,46.89876917305424,25.23046431563251
walking,61210,61243,33,124.59010223062114,30.44846512652397
rising,61244,61280,36,27.28364173691217,30.25428234216305
walking,61281,61320,39,177.00690802731225,25.618646330068408
sniffing,61321,61338,17,21.44782920062759,25.080656274509174
hunching,61339,61356,17,19.88493624759305,36.94618686983783
rearing,61357,61400,43,28.952813537340422,38.646544772505024
walking,61401,61409,8,63.42889846783445,27.145981916014257
sniffing,61410,61430,20,48.375781832957564,21.13163589043731
walking,61431,61485,54,173.2233753083298,24.506662912942026
stepping,61486,61527,41,110.81099382282372,24.95104957868068
hunching,61528,61549,21,17.223767636923004,34.27137740699998
climbing,61550,61587,37,34.89507018531373,56.92502970065589
trotting,61588,61628,40,226.30405388756733,28.514775347515684
rearing,61629,61633,4,48.8144526092744,41.88514651310284
climbing,61634,61688,54,27.206441506222234,58.1388199953921
left_turning,61689,61694,5,151.11728052900483,29.3329343243267
walking,61695,61708,13,185.69111043903925,30.6670854042048
rearing,61709,61711,2,64.27040362196024,39.43346423319142
climbing,61712,61754,42,40.70087287927966,52.34471193751637
sniffing,61755,61782,27,27.863298961376945,22.585584340320082
rearing,61783,61786,3,52.576823980818965,41.40344386354642
climbing,61787,61812,25,36.3802576295299,56.79356271349384
walking,61813,61908,95,147.72559807965925,22.059634476565424
sniffing,61909,61914,5,31.659397887404992,32.08215827630133
rearing,61915,61948,33,42.10179569554104,44.21025213062622
sniffing,61949,61952,3,108.65146590591675,31.000250070955737
walking,61953,61985,32,168.62991928213305,30.390676422229067
climbing,61986,62020,34,40.67213962679932,50.90864048078875
left_turning,62021,62026,5,174.0232181073378,29.219561409373593
walking,62027,62054,27,188.16957785863082,29.542765258463312
sniffing,62055,62093,38,34.485814080944635,20.42746065579493
rearing,62094,62098,4,55.425188132381756,38.276376306017085
climbing,62099,62121,22,31.930818674849345,52.85360699603542
sniffing,62122,62158,36,21.022722547563255,22.08496812144826
rearing,62159,62163,4,37.11442570234315,38.8247413468633
climbing,62164,62191,27,32.127549433890756,53.64105738915855
sniffing,62192,62205,13,24.649055733441717,30.92193923523802
walking,62206,62317,111,165.85853464567973,23.983403333056945
sniffing,62318,62355,37,78.43745948177846,25.692102099193058
rearing,62356,62371,15,25.81193045670921,41.730998899955935
walking,62372,62377,5,67.2675645801166,28.239686160936785
stepping,62378,62433,55,61.84622206655019,21.033801053749187
walking,62434,62487,53,201.56772731870674,28.441510028421906
stepping,62488,62537,49,82.39584418770727,22.22765707865467
walking,62538,62586,48,110.19097139211551,22.537040588124732
stepping,62587,62615,28,59.992102774098484,23.002187514419305
walking,62616,62669,53,151.83273374404433,21.537536790461527
stepping,62670,62725,55,68.357413159913,21.610503696473973
walking,62726,62755,29,147.78985699803596,24.874184744013643
sniffing,62756,62768,12,78.93500446647982,33.97989154280919
hunching,62769,62792,23,25.156940246901144,42.29460816029344
walking,62793,62794,1,68.18492085170753,28.830699448364797
stepping,62795,62830,35,62.611446089703804,22.275121539747033
rearing,62831,62879,48,15.369818730656242,39.212622576640285
climbing,62880,62922,42,18.78781322789386,39.54628535786189
sniffing,62923,62979,56,38.34798929539713,24.84859416907619
grooming,62980,62983,3,25.001377674861303,37.47793623482117
hunching,62984,63011,27,34.570564031891806,44.39711252832393
stepping,63012,63051,39,45.43376608239797,20.48236798809166
right_turning,63052,63088,36,215.4598348890204,29.903094341055464
walking,63089,63148,59,186.23148491017034,22.92909208239588
trotting,63149,63193,44,203.72621197059775,22.775444654271038
sniffing,63194,63200,6,42.62448908557743,31.205530415400727
rearing,63201,63208,7,44.35997296952792,41.3504248927198
climbing,63209,63239,30,33.677356014284165,55.25430250365271
sniffing,63240,63266,26,24.663740119972257,26.501286631580122
stepping,63267,63316,49,85.35645708717254,22.765538542703222
walking,63317,63371,54,188.14563508453176,23.80639293676599
stepping,63372,63397,25,71.20391020344758,22.097039063075748
walking,63398,63448,50,99.05093116212544,20.41008459930519
stepping,63449,63495,46,86.06142482433133,20.46598746763935
grooming,63496,63509,13,50.85774801122732,29.78604401068093
walking,63510,63561,51,100.68297159447722,21.687415249802577
sniffing,63562,63645,83,36.96870501041532,20.609758022452535
stepping,63646,63682,36,89.7449687069211,18.313119967977887
hunching,63683,63703,20,43.8168375790785,38.960023071547525
rearing,63704,63705,1,50.56253036777453,33.24922705805187
sniffing,63706,63741,35,88.40620093338782,22.023307448973256
walking,63742,63797,55,137.8852418796438,19.27354235499706
sniffing,63798,63827,29,21.84607668104163,20.142915054034866
right_turning,63828,63913,85,90.17842244248654,21.320509765138628
sniffing,63914,63957,43,32.422759651805386,22.59393736313475
walking,63958,64049,91,142.5223580751339,23.002226704011854
sniffing,64050,64082,32,37.90702854627904,30.07518586133197
climbing,64083,64139,56,15.739713099036573,41.95136713805556
rising,64140,64143,3,30.85303165793859,35.676416910088406
sniffing,64144,64235,91,24.173193460423917,23.136058630433933
stepping,64236,64292,56,49.56080800601163,20.01173466248082
sniffing,64293,64472,179,6.611292301147829,21.243493529205065
stepping,64473,64522,49,72.16233229137165,24.271874703050457
sniffing,64523,64763,240,27.710436731742675,25.065666554086864
stepping,64764,64819,55,19.518595279451088,21.369316811214414
rising,64820,64825,5,35.54793233549382,35.88426446124049
hunching,64826,64868,42,17.710653481704092,39.66061579929868
rising,64869,64884,15,23.152126891081185,33.64379169987042
sniffing,64885,64915,30,42.255806041185785,28.577371772307213
stepping,64916,64945,29,109.12928899369727,24.53902603178666
sniffing,64946,64973,27,54.21603820702153,24.047716582962572
walking,64974,65018,44,126.81145410456081,23.078484921385254
stepping,65019,65055,36,93.15299275881992,26.90882909154963
walking,65056,65088,32,146.42173975235605,21.766875401298975
sniffing,65089,65113,24,32.9146844021639,22.327664755996906
grooming,65114,65141,27,26.183918033749762,32.784937046566384
walking,65142,65187,45,78.7939481882884,21.54806144833176
sniffing,65188,65207,19,34.347512677344284,20.055155102158096
rising,65208,65212,4,20.843189728321136,27.763812998386857
hunching,65213,65229,16,15.692123952492132,33.216094206550444
sniffing,65230,65329,99,30.670503906831115,27.354284539219115
left_turning,65330,65373,43,180.29769162809723,33.10262324731393
climbing,65374,65418,44,20.86158083319424,48.75504415976241
grooming,65419,65471,52,11.22253083794232,43.19994975844819
sniffing,65472,65492,20,32.775510623952734,28.20305959530278
grooming,65493,65496,3,30.662031281023197,34.63908748697936
hunching,65497,65613,116,9.098872122842629,34.82351191326092
sniffing,65614,65655,41,42.988886547971276,28.097843875415307
walking,65656,65660,4,72.65400833482796,31.81427060765492
rising,65661,65665,4,52.11537851579508,37.94146856921062
hunching,65666,65682,16,31.02216658596489,41.39064886731518
walking,65683,65702,19,77.58065531572501,31.91200582541172
climbing,65703,65734,31,19.725977717948766,46.46819125628842
walking,65735,65757,22,63.683561459087564,27.513315286725085
hunching,65758,65776,18,23.004578302015474,40.394599565484306
walking,65777,65866,89,143.06719713115695,26.693456151690693
sniffing,65867,65908,41,41.63990396877076,25.99393311719381
hunching,65909,65915,6,37.27781438108774,36.120518939973806
climbing,65916,65966,50,40.1559056283628,51.53197611660783
left_turning,65967,65974,7,100.51551174126934,25.30940054993468
walking,65975,66056,81,152.69986324214145,26.539031451545767
sniffing,66057,66060,3,35.04174746488251,35.39839413526327
rearing,66061,66096,35,43.15251583457926,45.07524342713542
sniffing,66097,66122,25,35.284395562267804,23.233653279855446
rearing,66123,66162,39,36.372631294323284,49.917199629263166
climbing,66163,66216,53,28.496526975323604,54.78158471997296
trotting,66217,66267,50,246.1433346936633,26.087736634392787
walking,66268,66302,34,99.28241769262915,27.132632454049997
rising,66303,66304,1,91.5241148271041,33.41088981634894
climbing,66305,66386,81,42.60476429279667,48.94904493031818
grooming,66387,66389,2,60.68908314867989,28.519199352655324
walking,66390,66423,33,148.10013838082716,31.402494647056052
rising,66424,66438,14,63.56356981094803,39.75307817268311
walking,66439,66525,86,143.50914111010127,29.08735291503362
rising,66526,66530,4,36.338829394404435,31.067604973326706
sniffing,66531,66654,123,28.861945296951802,24.496230477252762
hunching,66655,66735,80,10.517902380965314,38.74860154148357
sniffing,66736,66758,22,53.58847298784881,31.618579990022365
hunching,66759,66773,14,12.32937990315269,37.433852450832646
rearing,66774,66826,52,11.632023221755517,37.48090987643072
sniffing,66827,66880,53,64.57825207652782,31.332302707692516
rearing,66881,66953,72,12.526409653661736,42.34851118741233
sniffing,66954,67011,57,38.686299309453304,31.69684730640104
grooming,67012,67071,59,9.629164862333687,34.22636541629395
rearing,67072,67123,51,12.698990091626504,40.81172890627995
sniffing,67124,67138,14,19.68982369688029,29.778451140221154
hunching,67139,67189,50,15.460781139681796,39.11492353366052
rearing,67190,67226,36,11.731249887211625,43.048234263640786
climbing,67227,67283,56,11.504336092971341,44.57630827716572
hunching,67284,67310,26,22.917133796666214,39.29638630765871
rising,67311,67326,15,30.549092506903083,32.978199653098685
hunching,67327,67446,119,9.957594887532816,37.916018615583134
grooming,67447,67465,18,15.185575826520619,31.998068570490705
hunching,67466,67493,27,17.947407959868293,37.485334514037916
right_turning,67494,67545,51,124.3513682796517,29.988137521332288
stepping,67546,67572,26,91.61235314611592,31.592714819651114
sniffing,67573,67623,50,73.58598369919741,29.407094959038673
grooming,67624,67646,22,28.51099782251745,28.622991931469137
stepping,67647,67718,71,76.02932792096466,24.442851000633386
sniffing,67719,67769,50,34.04666086855461,23.4156510199612
walking,67770,67822,52,112.10366200312626,19.085991638583533
sniffing,67823,67909,86,49.91414422774339,23.391919287971568
walking,67910,67957,47,164.77243747730589,27.829206955755932
sniffing,67958,67978,20,65.41018287281052,30.665373531449436
walking,67979,68018,39,105.08425477833343,23.76664270952884
stepping,68019,68059,40,91.89600727089977,19.61535112330341
sniffing,68060,68072,12,28.327570182008397,21.045185942057
rearing,68073,68111,38,38.1005390315117,43.77724685370931
sniffing,68112,68144,32,28.797192443531955,25.44076444487038
left_turning,68145,68170,25,116.41323517668062,31.039912988485124
walking,68171,68222,51,161.91146118360996,21.245761744532818
sniffing,68223,68228,5,57.61537341612336,24.561186999844722
hunching,68229,68265,36,48.18119579163465,46.05616426607974
grooming,68266,68273,7,53.479447040954454,29.002642319973535
walking,68274,68292,18,116.55077276853758,19.714887459268283
sniffing,68293,68331,38,25.448968304259843,21.193461300198887
rearing,68332,68336,4,38.926726484283776,36.83630358124852
climbing,68337,68375,38,39.3711435740048,48.197274005745996
walking,68376,68406,30,132.3392280468747,25.39887286525982
stepping,68407,68476,69,79.63910710089858,21.92251150773668
sniffing,68477,68496,19,25.17318560140501,24.40460292566202
climbing,68497,68535,38,34.40746046448875,50.60037777024512
sniffing,68536,68581,45,65.56293786605067,27.091383942414417
left_turning,68582,68610,28,103.5739241514751,27.149534584093114
trotting,68611,68625,14,178.3827665916243,20.94113178831368
sniffing,68626,68659,33,25.550524878514317,26.240287055216385
rising,68660,68664,4,17.84417137735244,33.56096229881001
hunching,68665,68705,40,15.151978666939687,39.779739569410886
walking,68706,68759,53,153.46164868389326,28.487869413213414
climbing,68760,68796,36,14.082331107222036,44.15294283317266
walking,68797,68802,5,46.93864379510695,28.805478850584134
sniffing,68803,68833,30,36.53122421612282,24.053946043632287
climbing,68834,68927,93,13.964611736262047,46.23463908845682
sniffing,68928,68967,39,28.37345049172284,28.311555523290952
stepping,68968,69005,37,50.174067997956925,21.29436022993899
hunching,69006,69019,13,30.038613622980254,43.03809999259562
climbing,69020,69067,47,20.83082467348632,50.97832395065933
rearing,69068,69105,37,49.113692642366445,47.800657050162386
sniffing,69106,69138,32,28.42795030079673,25.885737795139224
walking,69139,69241,102,123.82971335567568,27.045716484650335
sniffing,69242,69268,26,27.747743069924965,38.276283928612685
stepping,69269,69316,47,62.132582412997095,22.45173500190647
rearing,69317,69324,7,37.34926553010834,41.26904048743116
climbing,69325,69350,25,54.40027728006984,53.72070209094223
sniffing,69351,69431,80,42.5423870563354,24.85926753816701
grooming,69432,69474,42,16.76577069112294,21.945424246604528
sniffing,69475,69513,38,18.07943441963282,18.550653861408517
grooming,69514,69674,160,20.68142463593429,24.30655501974681
sniffing,69675,69790,115,46.51945556019669,26.503723756173017
stepping,69791,69831,40,49.84814726341705,28.31821272726889
walking,69832,69876,44,171.4586043888545,25.22761367552777
right_turning,69877,69904,27,63.74633407589743,21.496145198939786
stepping,69905,69955,50,66.95432369926777,21.544308116540254
sniffing,69956,69977,21,27.63291428641519,26.937080051300814
left_turning,69978,70092,114,111.6878803117775,24.623835023487114
walking,70093,70197,104,101.38719553549132,22.163632211985746
sniffing,70198,70242,44,41.812928649634,23.60232814173289
grooming,70243,70245,2,14.479264484534255,33.75828206643903
rearing,70246,70273,27,31.242820948994485,51.22957568823586
sniffing,70274,70335,61,15.259302950351682,24.59520417765896
grooming,70336,70340,4,94.81750968541141,27.58431488073321
left_turning,70341,70437,96,104.93351231053992,24.70291856852599
walking,70438,70533,95,103.9146113839583,22.778097008492864
stepping,70534,70618,84,87.16697333868979,21.544956182274795
sniffing,70619,70664,45,43.05499057627603,20.802847654668884
left_turning,70665,70709,44,63.814065560294765,24.67121951096868
stepping,70710,70753,43,56.0023388500592,21.59314992497472
walking,70754,70803,49,138.40046733487077,23.747502681770758
sniffing,70804,70843,39,39.60376945993822,22.622937122330036
walking,70844,70891,47,119.9265085839864,23.360992669904487
stepping,70892,70916,24,26.160316796004523,23.387904124536544
sniffing,70917,70947,30,37.1377461263716,28.80156671883876
hunching,70948,70955,7,18.38042503600828,43.411409062266294
rearing,70956,71011,55,15.284214597171598,44.44421721831774
climbing,71012,71042,30,39.98719387678351,50.17547459230938
sniffing,71043,71087,44,48.474731268753544,27.21831025719664
hunching,71088,71164,76,25.365439773907354,38.125266999596995
walking,71165,71196,31,140.79833975106806,30.02372438207479
rearing,71197,71221,24,46.72390499834225,49.0723207689746
sniffing,71222,71262,40,67.8978646985702,29.6958642031869
walking,71263,71277,14,157.146902857499,31.75424380785115
rearing,71278,71292,14,47.97989699719515,45.933235327260185
sniffing,71293,71313,20,38.11870789520097,25.39723878557378
stepping,71314,71350,36,61.32901021420515,19.69171560828244
sniffing,71351,71365,14,31.18965414177872,29.402225119842647
rearing,71366,71457,91,25.182816376053808,43.49776218676644
grooming,71458,71468,10,43.621810970520734,33.640209484739245
walking,71469,71520,51,175.5091151622327,28.34789046884479
stepping,71521,71572,51,92.39370404708103,23.453937072629962
sniffing,71573,71593,20,32.64255413101927,23.502722836129948
stepping,71594,71724,130,76.10486612988728,21.986295632445827
walking,71725,71792,67,121.35198694654112,26.053080241630095
grooming,71793,71796,3,54.14070277887157,39.28597297468423
hunching,71797,71856,59,9.210022357833969,40.61086091565451
grooming,71857,71896,39,16.694492436555482,30.60967548949054
sniffing,71897,71955,58,44.132296876856415,22.402773366359863
stepping,71956,72000,44,18.663206052227224,23.632289416774906
sniffing,72001,72072,71,24.55989411352565,20.101177973461784
hunching,72073,72097,24,17.723682301623317,34.292775802348025
sniffing,72098,72174,76,17.710570406345283,22.02050740729771
rearing,72175,72210,35,39.620406911934886,45.26700834925143
grooming,72211,72373,162,28.282659164884468,33.47247434445217
trotting,72374,72404,30,207.6364845524141,28.04618349094736
walking,72405,72432,27,91.61081424717933,31.473095405495457
stepping,72433,72485,52,92.52192693517146,22.659332256904634
sniffing,72486,72492,6,23.67057110205422,32.05070690593699
climbing,72493,72522,29,39.83284572668794,53.979560525480906
walking,72523,72528,5,110.83081248540043,28.025967470761927
sniffing,72529,72618,89,34.06065534057475,22.762329243484697
stepping,72619,72665,46,107.4293087971027,26.377997837626335
sniffing,72666,72691,25,27.926847377999913,24.94682308487772
climbing,72692,72729,37,35.67343137356348,53.012054863704265
left_turning,72730,72736,6,153.01389155162363,31.104109345131015
walking,72737,72762,25,177.73878789960082,28.15595030615754
climbing,72763,72786,23,46.43324092518242,46.43317188680195
grooming,72787,72797,10,33.864200129567564,29.52582117665565
right_turning,72798,72810,12,111.19922897234414,24.64712170484606
trotting,72811,72855,44,200.2452482956529,21.55583980373604
sniffing,72856,72891,35,17.05514208567917,21.245399094688732
rising,72892,72899,7,31.5990923742999,36.93832610014802
climbing,72900,72932,32,35.43247387158118,58.36660501158782
sniffing,72933,72996,63,33.74231885560974,24.36015661144924
hunching,72997,73001,4,55.58147009792143,36.756063013080386
climbing,73002,73037,35,38.38556301092316,57.0370025222032
left_turning,73038,73044,6,120.72805711345804,32.843440521394086
sniffing,73045,73092,47,44.79134162238881,30.390626310615264
grooming,73093,73177,84,18.18157350474616,35.83469602806825
right_turning,73178,73214,36,53.92857977678439,24.969546792236695
sniffing,73215,73252,37,28.46180141646796,29.005477547951482
stepping,73253,73306,53,21.064529669718574,27.73039257725575
sniffing,73307,73346,39,38.86258428932017,36.5526584504821
trotting,73347,73360,13,223.46016995764074,26.197408487520732
sniffing,73361,73393,32,58.52144841439162,34.92289585301063
walking,73394,73403,9,176.57251786629212,27.097265145686926
sniffing,73404,73414,10,79.78606693860854,37.92879230608322
climbing,73415,73526,111,16.473016128520463,46.05111574135945
walking,73527,73539,12,46.60624524824327,32.11016529837539
sniffing,73540,73590,50,65.61516712255924,31.422626080155148
rearing,73591,73635,44,10.9622061714372,43.0641719323785
grooming,73636,73639,3,33.96066741986537,33.622350271164855
sniffing,73640,73658,18,63.84002373020235,24.569096299565537
hunching,73659,73680,21,22.408802173485977,41.990236096895636
climbing,73681,73722,41,16.138252741439796,50.442434610687
sniffing,73723,73736,13,34.83038381388529,26.786859524754245
hunching,73737,73777,40,17.50258376203699,42.012188756892364
grooming,73778,73789,11,71.62124876850285,31.569864153448766
hunching,73790,73818,28,27.712548947855424,44.59441093545361
sniffing,73819,73825,6,40.514896418266524,32.37968789185785
stepping,73826,73859,33,44.854900726893256,19.942959105698115
sniffing,73860,73899,39,22.766031898303886,19.176477164508224
right_turning,73900,73925,25,95.05583316920992,27.73158471878325
walking,73926,74023,97,147.30576586718516,23.461206266392463
sniffing,74024,74048,24,19.82893512093978,18.845956151296914
stepping,74049,74128,79,63.78696797242914,20.20247093490159
sniffing,74129,74156,27,18.559415203755265,19.771885455583025
right_turning,74157,74179,22,70.30489105880297,26.88665213123731
stepping,74180,74218,38,54.36148457884083,22.86964589350945
walking,74219,74259,40,128.6883902978954,25.311571685738382
sniffing,74260,74271,11,59.28565120088595,36.65873943950309
rearing,74272,74312,40,21.093405134303893,45.53604832261341
climbing,74313,74357,44,9.952759613884554,43.268969287053764
rearing,74358,74416,58,8.437119037670373,42.96423130949753
walking,74417,74453,36,86.11107603539627,34.965694672470526
hunching,74454,74482,28,24.846083308596306,41.939925388010955
rearing,74483,74533,50,14.911371628634233,43.03599300225409
walking,74534,74542,8,60.98022743246448,31.439617321832397
rising,74543,74548,5,81.64805441707698,40.712395091902295
climbing,74549,74595,46,24.743543534661605,54.783394785253
rising,74596,74613,17,81.88384887138646,34.81535272008731
hunching,74614,74643,29,64.88238950197798,39.69288480214876
rising,74644,74658,14,63.76468149490098,31.610092989561164
walking,74659,74699,40,194.05256280664116,29.87596122407252
hunching,74700,74706,6,61.915424998335006,39.14638191250817
climbing,74707,74731,24,30.140675550150227,47.42440839490623
grooming,74732,74741,9,78.05427526045067,33.91074334552677
left_turning,74742,74777,35,50.21777967296199,27.92645613814053
walking,74778,74803,25,113.96859136723012,27.1016653372146
sniffing,74804,74847,43,19.790914637823832,25.90190192550424
rearing,74848,74879,31,23.07418234603182,39.199694282870006
grooming,74880,74912,32,28.799717346254116,35.084552594914435
hunching,74913,75078,165,20.725955142856776,34.00980749470185
grooming,75079,75120,41,19.928543517592704,34.649597107131065
rising,75121,75172,51,21.272754495696468,32.96031744975345
hunching,75173,75265,92,9.352754384795446,37.57172807782644
grooming,75266,76296,1030,21.16240213535668,33.0133627011432
hunching,76297,76367,70,19.823325924742907,34.08078216962602
climbing,76368,76479,111,16.318332427145076,38.39476290401855
grooming,76480,76591,111,20.450635640552523,36.517478244410555
hunching,76592,76646,54,24.46320663473077,35.71625972959999
grooming,76647,76694,47,19.88972654554311,37.55897801710511
hunching,76695,76710,15,23.393258494386863,39.94930795444968
grooming,76711,76754,43,16.35953650292369,37.86154959764139
hunching,76755,76809,54,22.77407689317266,37.91340215985176
climbing,76810,76869,59,19.272152719586607,36.876044200567236
grooming,76870,77167,297,22.569830047750454,37.38297438877441
hunching,77168,77227,59,20.41876625883839,39.5928263967519
grooming,77228,77290,62,24.575164294725095,39.30477447621755
hunching,77291,77348,57,16.61663424727052,39.558160759056435
grooming,77349,77396,47,21.062013901993076,33.01674053874458
hunching,77397,77426,29,22.747465552041046,33.65813384646618
grooming,77427,78730,1303,22.720014241047615,33.82614264680041
climbing,78731,78771,40,12.04431516707153,36.22969091683056
hunching,78772,78831,59,11.622827373661549,37.5208109113817
grooming,78832,78841,9,17.27554436643782,37.96535916073353
sniffing,78842,79019,177,37.6228876395308,27.310496364210554
stepping,79020,79097,77,84.65559546076379,26.974577165111434
rising,79098,79126,28,59.27951252324181,36.79943838796166
hunching,79127,79142,15,45.15012363869931,47.6159430289531
climbing,79143,79198,55,23.790101153928912,56.240977509589634
right_turning,79199,79201,2,70.7514985545403,40.30669089966761
walking,79202,79248,46,118.08446126557814,32.16828116554323
hunching,79249,79264,15,31.613978614116846,42.92979862500165
walking,79265,79282,17,112.42943859986987,30.76047793098117
hunching,79283,79312,29,22.57300867233029,38.90350830160089
rising,79313,79351,38,37.92899796511522,35.460404141259026
hunching,79352,79376,24,18.64322819759129,40.58419451643534
climbing,79377,79419,42,22.843560574845167,47.17672211451616
left_turning,79420,79424,4,112.80417070014808,32.2648718305292
walking,79425,79469,44,130.21934680694417,32.57245633377991
sniffing,79470,79493,23,44.44573040379245,39.18074259642104
walking,79494,79551,57,101.20614849829389,30.29273047928726
sniffing,79552,79564,12,50.93439956247798,35.91024930021628
walking,79565,79606,41,94.52340186198445,27.859036484717187
rising,79607,79628,21,31.876711923547074,37.324907853460005
sniffing,79629,79695,66,38.554747189265136,26.70911731162064
left_turning,79696,79723,27,75.71543821933301,28.151375422364225
grooming,79724,79740,16,40.61119656417439,36.97134444670359
rising,79741,79765,24,49.83114695605547,45.40266212364003
walking,79766,79814,48,117.44109173740017,32.08698834933599
trotting,79815,79846,31,204.8927623344072,22.801523607007116
sniffing,79847,79865,18,24.704727591611697,33.20993592588436
grooming,79866,79899,33,34.373678437744616,33.90887553135491
hunching,79900,79927,27,30.095294262519293,44.551510823942486
walking,79928,79962,34,156.176924574241,27.632704917039568
sniffing,79963,80020,57,10.238471837624255,23.83197686010873
grooming,80021,80045,24,36.076143816095794,41.58287806318974
walking,80046,80084,38,177.22378722576104,28.117763250972274
sniffing,80085,80133,48,57.61017518662874,27.628794497235628
hunching,80134,80168,34,13.225842885758517,37.740683074507615
left_turning,80169,80211,42,77.66720945122785,27.232822318170726
stepping,80212,80249,37,97.97454702521368,29.46662236762288
rising,80250,80271,21,42.35824142177372,37.72910667533702
stepping,80272,80316,44,85.56331862600759,25.217010602369164
sniffing,80317,80376,59,33.20686607087394,25.567459956212378
stepping,80377,80428,51,71.83111566421384,24.014759745158297
walking,80429,80466,37,127.42709597532033,24.322208589038542
sniffing,80467,80473,6,65.58737710153397,29.03795539278429
rising,80474,80481,7,20.22632467030936,38.12496229752196
climbing,80482,80510,28,23.18332409506385,45.49574560372783
walking,80511,80535,24,148.54525606543427,30.41906249353209
sniffing,80536,80616,80,50.778064069882085,28.511097650804604
walking,80617,80693,76,128.4277980826434,27.876781023449887
rearing,80694,80725,31,18.207692748118166,42.76370870935887
sniffing,80726,80735,9,68.33911034558929,29.296043603906504
stepping,80736,80757,21,94.3222687566882,24.509137827626432
climbing,80758,80801,43,18.870561630079933,40.376221229051616
hunching,80802,80821,19,30.534517106232677,36.7364385056772
climbing,80822,80843,21,66.91401203099579,50.238748098059546
trotting,80844,80853,9,204.89425299886383,27.66659743943518
sniffing,80854,80884,30,31.052017727638376,20.6420732252811
grooming,80885,80893,8,31.790750954488527,29.640945352519037
rearing,80894,80897,3,37.24790168315212,38.42329267354169
climbing,80898,80926,28,42.80077769809561,49.746847501529835
right_turning,80927,80934,7,156.48658990862654,32.7453251791412
running,80935,80949,14,288.47126010764595,25.659951466073835
sniffing,80950,81101,151,23.395849983692795,21.334971745170538
hunching,81102,81119,17,34.80495391054674,37.651566620028895
climbing,81120,81170,50,28.843835845740777,51.451885712596244
rearing,81171,81176,5,44.093491586137596,35.37160723117839
walking,81177,81192,15,74.2745341793977,29.741193562613244
rising,81193,81213,20,35.65415637755383,35.294514995944155
climbing,81214,81271,57,54.021915012178084,44.39240689713831
sniffing,81272,81297,25,43.34250846991357,24.357711918276536
right_turning,81298,81306,8,204.72101542879858,27.38975727093363
running,81307,81345,38,301.8221066711881,25.531883364453158
sniffing,81346,81356,10,46.75029839863134,30.25996399610236
hunching,81357,81384,27,26.65854626599193,41.418308436171664
walking,81385,81402,17,124.3332532710545,27.03580537359793
sniffing,81403,81408,5,74.17825331169024,30.642721824031156
climbing,81409,81451,42,34.234198917309016,48.240960618746435
walking,81452,81457,5,77.4178725720726,29.43083241608208
left_turning,81458,81470,12,48.45327514908099,26.88082815807099
hunching,81471,81494,23,54.15404763375625,43.10987015549339
jumping,81495,81496,1,98.89262587107264,82.57629284858709
hunching,81497,81500,3,97.27716649175517,53.73035596707039
rising,81501,81536,35,44.09272732247157,36.278889028879945
sniffing,81537,81592,55,25.63995199013612,27.49961160987595
hunching,81593,81612,19,42.057693694356686,37.70766109198683
rising,81613,81628,15,108.28759354528842,31.502182320358962
running,81629,81664,35,303.11960785822976,25.936068699379717
sniffing,81665,81671,6,63.00524148797854,31.77349550025239
hunching,81672,81691,19,18.566407592912583,36.18357560577374
grooming,81692,81722,30,13.054060100718017,33.76158107366973
sniffing,81723,81749,26,44.09840946515101,27.709954439022155
rising,81750,81758,8,64.6876745932975,37.05451164778471
climbing,81759,81843,84,34.36206090947071,45.48047301222372
grooming,81844,81852,8,54.763992227110734,31.256728396137987
left_turning,81853,81889,36,131.73970109003957,29.28682084560138
walking,81890,81920,30,154.15933271451533,25.660190173501487
sniffing,81921,81925,4,54.09729058353505,38.554430009364964
walking,81926,81975,49,98.46870368110935,33.48987433373286
stepping,81976,82012,36,91.33670590482815,25.945423070808374
climbing,82013,82043,30,36.32367952485292,50.872676672129785
walking,82044,82095,51,144.16122293915657,27.699361104407874
hunching,82096,82149,53,14.5309984996295,32.5673193086031
sniffing,82150,82179,29,27.432194240753656,20.678078036661834
hunching,82180,82211,31,32.0941956311232,32.63957792133776
walking,82212,82273,61,148.22267896278248,26.691040823152502
hunching,82274,82286,12,33.27205332319339,32.41072838541342
climbing,82287,82320,33,29.73980079274142,40.162501220143284
walking,82321,82338,17,128.06521075072908,27.058052710748576
hunching,82339,82359,20,38.179080253789664,39.96245514011062
rising,82360,82365,5,85.65782809003906,29.424784028146828
walking,82366,82399,33,73.78743270074112,24.825390262348584
rising,82400,82436,36,37.22291381109822,34.82610287378402
climbing,82437,82460,23,24.78441116213391,50.9098054268124
sniffing,82461,82510,49,25.901169093434252,23.951245709361256
climbing,82511,82563,52,33.889419343988656,53.74767524705538
sniffing,82564,82630,66,24.452842525117152,26.4040103728721
trotting,82631,82687,56,182.52466792712136,21.166616799119144
left_turning,82688,82720,32,44.013541851615486,20.771619617619955
rising,82721,82735,14,46.15308186038735,38.01590937148799
climbing,82736,82756,20,40.037359934165515,51.02963620900497
grooming,82757,82771,14,43.64902348846602,32.79979661589874
walking,82772,82815,43,131.166721312242,25.961033127305424
hunching,82816,82826,10,35.96433290709654,35.411720478105785
climbing,82827,82839,12,31.2340788172344,46.96787106009923
jumping,82840,82842,2,63.79641984182362,82.38622718924499
climbing,82843,82888,45,32.47463992032573,43.75743004371943
right_turning,82889,82895,6,149.2656758108801,29.786521033833896
running,82896,82915,19,280.6897309667628,25.921319569814067
hunching,82916,82958,42,46.1462365703654,35.203631738237554
rearing,82959,82982,23,46.042051478889654,37.47032284705214
grooming,82983,83020,37,53.377550948391054,29.95218008310573
sniffing,83021,83049,28,16.266333688621742,22.50258599695509
left_turning,83050,83095,45,56.0812870454335,25.310293806718015
walking,83096,83151,55,120.57321090810557,25.087961968003714
sniffing,83152,83268,116,18.031148624607344,28.68740367126339
walking,83269,83310,41,189.48135327052074,23.61861154820588
stepping,83311,83352,41,68.38441613476938,20.875741958620523
sniffing,83353,83394,41,28.16745789250278,24.27400443341008
left_turning,83395,83482,87,136.0022034663789,24.111398645148515
stepping,83483,83535,52,94.6093191267485,22.283865813554936
walking,83536,83551,15,98.65986870854746,20.63472606547342
sniffing,83552,83667,115,46.58357626062459,23.59389835724646
grooming,83668,83710,42,28.635916321033616,35.58644026932405
walking,83711,83725,14,136.42884637400883,24.594461684374657
stepping,83726,83776,50,57.27801275270497,19.228495555128536
sniffing,83777,83833,56,25.998400015474353,24.1021072658871
left_turning,83834,83873,39,21.8582518006511,20.464442414547605
sniffing,83874,83906,32,15.510930481334642,24.774925114942015
rising,83907,83920,13,20.33541099523816,42.09306579554997
climbing,83921,83958,37,37.38587102507632,53.36659688251852
grooming,83959,83965,6,128.48114359154417,33.6367902422049
left_turning,83966,83974,8,197.9534017793602,28.936105767113734
stepping,83975,83996,21,66.50158739366083,22.412371749093793
walking,83997,84042,45,137.3152133993588,21.459161180040265
sniffing,84043,84089,46,63.98796291950032,23.030908948515705
grooming,84090,84122,32,24.826453329890423,27.257208534804565
hunching,84123,84131,8,27.22935446402777,38.19344154923286
climbing,84132,84177,45,17.386208648565006,41.24336548066662
rising,84178,84231,53,30.741206842800768,32.31281896103455
sniffing,84232,84269,37,27.479322068072694,25.420438342969014
hunching,84270,84279,9,43.2569956197132,40.89371804184718
climbing,84280,84319,39,37.36249818110798,55.62625904145426
sniffing,84320,84389,69,31.37697538674875,24.977613866479846
stepping,84390,84436,46,61.229629185366754,26.722774338277492
trotting,84437,84492,55,228.45693309416305,27.191059201376742
sniffing,84493,84518,25,67.11198752377871,23.454976846662397
stepping,84519,84529,10,39.06276379666262,24.46937488344939
sniffing,84530,84569,39,37.7287423420402,26.139549149204402
right_turning,84570,84575,5,119.54058542491389,26.831255538054368
walking,84576,84609,33,153.33072251122599,24.403021120240897
sniffing,84610,84660,50,67.54657274180705,31.423226100052652
rising,84661,84754,93,29.158802628495188,34.947446125760045
sniffing,84755,84789,34,65.33041863194855,29.539380500560206
hunching,84790,84817,27,15.487579848664378,37.94822559406471
grooming,84818,84829,11,46.12643182216624,39.390318900341875
sniffing,84830,84873,43,56.30219007771881,24.318197491070507
stepping,84874,84917,43,80.50428796137143,20.62235478273396
walking,84918,84964,46,114.61666214418324,19.330176339896006
sniffing,84965,84978,13,21.324218298156918,27.726109538592944
grooming,84979,85019,40,21.55178986542148,28.546657046545576
hunching,85020,85065,45,17.058750918893562,31.157008984250666
sniffing,85066,85112,46,29.27243629809428,21.105901130451862
rearing,85113,85150,37,26.501113201171698,40.97739203310585
left_turning,85151,85194,43,92.41046444112992,27.82681252402215
sniffing,85195,85227,32,63.96135851541439,23.353284912214004
stepping,85228,85237,9,44.418459502921124,24.820338488481163
sniffing,85238,85257,19,25.248759649864905,22.45433102400257
grooming,85258,85269,11,24.99307848317672,36.14700277696602
climbing,85270,85314,44,28.713439114534495,56.74339376166732
grooming,85315,85340,25,43.27890916365955,30.92272630067445
sniffing,85341,85393,52,32.02327803746726,25.779543019206777
left_turning,85394,85429,35,59.1887541064292,24.715813497028066
sniffing,85430,85456,26,57.816049714049164,31.72868206819948
walking,85457,85513,56,120.7641534462255,28.520408182806793
hunching,85514,85568,54,7.798136031854154,38.11107433938177
grooming,85569,85646,77,29.52715383026594,31.21983442257927
sniffing,85647,85696,49,19.025806807647925,21.34333895030456
grooming,85697,85733,36,18.12272588027698,32.04797016522132
right_turning,85734,85755,21,73.88673805926634,24.542516791405646
running,85756,85791,35,263.13646571343327,23.551527604162125
walking,85792,85811,19,89.94594103029412,29.28417786957945
rearing,85812,85871,59,10.250358151774998,38.620373785712204
hunching,85872,85927,55,13.055159369166692,37.44663378217873
sniffing,85928,86023,95,20.430159593467682,21.714142972849075
grooming,86024,86053,29,10.653916726565894,28.888377289405884
hunching,86054,86095,41,12.772835224073848,32.495821902554376
grooming,86096,86130,34,27.061287309677184,30.219331799429874
sniffing,86131,86191,60,62.40235225734427,30.956168951325925
grooming,86192,86344,152,14.887785062472087,39.589822963170946
sniffing,86345,86377,32,54.42847148963628,31.497301908325593
hunching,86378,86462,84,22.433087742880105,38.92780118294603
rearing,86463,86553,90,9.046775174746914,38.01960693828556
hunching,86554,86607,53,18.48122027493299,36.67554288418924
sniffing,86608,86650,42,50.31256927801107,33.52344603304803
walking,86651,86678,27,112.72467202359731,31.763587611132376
rearing,86679,86693,14,36.02416736304956,43.789556611138224
grooming,86694,86700,6,35.83838814367245,37.5248994325486
sniffing,86701,86756,55,42.32357164465776,32.6300590075099
grooming,86757,86804,47,27.374415468334593,34.69042157597908
sniffing,86805,86820,15,35.190784574829195,34.38437921517086
hunching,86821,86865,44,9.613514766790434,35.386369456141935
climbing,86866,86904,38,21.68760728528047,45.35697619982915
grooming,86905,86939,34,17.91824932793808,41.65350610200445
left_turning,86940,86952,12,27.631353515491277,20.230740722804153
stepping,86953,86971,18,63.606872619987506,21.239488976923546
sniffing,86972,86983,11,38.52622861654461,35.53176041604202
climbing,86984,87054,70,25.475346184215816,52.95257229288929
walking,87055,87084,29,84.45307993651953,32.40950238954558
running,87085,87093,8,244.39089719994166,35.58532985741191
sniffing,87094,87136,42,75.44650224171427,36.47498900863432
climbing,87137,87185,48,14.614930595295128,42.83445230439472
rearing,87186,87229,43,18.277143076836484,40.24209247827475
sniffing,87230,87280,50,75.80724361161371,34.3031197470352
walking,87281,87320,39,136.83140250185082,31.10010768203631
climbing,87321,87346,25,12.442725120462752,40.631648560687786
sniffing,87347,87412,65,68.2099636167105,30.81774396931787
hunching,87413,87481,68,30.377121318870998,40.74123903675783
rising,87482,87489,7,34.61812088890072,33.708124905261144
sniffing,87490,87527,37,24.951432448046102,34.72944687939359
walking,87528,87537,9,49.953640970124845,28.777369542395274
hunching,87538,87568,30,14.811540622276802,41.82067755096206
climbing,87569,87623,54,12.046409303689787,41.95728517704446
walking,87624,87681,57,111.4541840343269,33.71600066223652
sniffing,87682,87716,34,67.76433042216163,36.11599247810939
hunching,87717,87762,45,22.739726990448705,41.47433857838295
walking,87763,87780,17,82.95640994913315,30.716107114096904
hunching,87781,87813,32,23.28418980776069,41.4554380264176
grooming,87814,87860,46,17.982088796390382,37.06012091667336
sniffing,87861,87892,31,32.267155322557485,25.57422540271954
hunching,87893,87917,24,17.492315754633623,36.89762217088645
sniffing,87918,87955,37,59.43797711115593,25.219356637024596
walking,87956,87985,29,112.53040764607456,24.131834230068296
hunching,87986,88027,41,31.337401293588137,40.439423122278846
grooming,88028,88045,17,69.3756958457575,33.66991982900884
rising,88046,88082,36,38.661035433691126,33.93137769380382
sniffing,88083,88198,115,63.93182598986947,28.110896013394647
walking,88199,88259,60,128.51066139550753,26.286675111669453
climbing,88260,88291,31,42.41586504415844,52.49588189912143
sniffing,88292,88304,12,39.36694058515185,25.889597616836742
left_turning,88305,88348,43,152.54431475193846,23.75406659085263
sniffing,88349,88367,18,57.34740426698066,28.1867129487422
stepping,88368,88407,39,78.45328913448846,22.756460339012516
sniffing,88408,88431,23,38.3734921759322,29.93683841415361
left_turning,88432,88459,27,56.397742103815226,24.510387373046463
walking,88460,88550,90,138.53617049272634,26.34825040927163
left_turning,88551,88572,21,43.2400417365968,23.382632388829055
grooming,88573,88583,10,27.445018995427322,31.85100222088678
walking,88584,88596,12,100.86487347302864,33.325669660998166
trotting,88597,88653,56,220.0127665008608,21.654697352309903
sniffing,88654,88677,23,14.589012116265865,20.802719923832743
rising,88678,88685,7,34.61562129018672,33.93167928010466
climbing,88686,88775,89,33.56409389314053,49.92015700154554
sniffing,88776,88786,10,49.213893861357334,29.767645290197642
right_turning,88787,88797,10,102.4429475975427,24.478328724716093
running,88798,88822,24,358.32662986489237,26.261726935920343
sniffing,88823,88866,43,72.60040957947612,28.377555938764917
climbing,88867,88888,21,66.97577151528216,51.44750917161219
rearing,88889,88924,35,23.32372647880506,40.364398391214394
left_turning,88925,88960,35,138.71910571169167,28.07063713328773
walking,88961,88990,29,167.62622720696993,29.784442122326542
rearing,88991,89048,57,13.427687025319166,38.292442589891586
walking,89049,89118,69,97.27539241682837,24.166770265505033
sniffing,89119,89207,88,14.573661608624413,19.07568558191622
grooming,89208,89226,18,40.53456518692967,31.728425837260104
stepping,89227,89277,50,82.74536945623088,23.212932682241796
walking,89278,89318,40,96.07188225552186,31.43313992896847
sniffing,89319,89392,73,38.56969670844694,25.64910258291785
walking,89393,89414,21,103.13283604955431,23.24251645892261
hunching,89415,89467,52,17.548401717452307,38.08815909012814
sniffing,89468,89532,64,50.25707353668664,32.77779376848271
climbing,89533,89578,45,28.708716930590022,58.234169387369604
right_turning,89579,89586,7,125.6808266365661,36.784058087905095
walking,89587,89615,28,190.8098633884672,29.41460922323289
hunching,89616,89700,84,32.45851418689751,36.07126586731845
grooming,89701,89708,7,28.079090108177674,26.641131737382437
left_turning,89709,89729,20,78.14942299782254,23.67021729691944
walking,89730,89767,37,144.3776258971594,26.206715664079525
sniffing,89768,89818,50,13.06222544210064,22.13569782256225
climbing,89819,89843,24,46.42200931986229,51.25946180333651
jumping,89844,89845,1,89.04142178504982,74.57901081738581
climbing,89846,89902,56,34.869077102609495,40.33441168076266
sniffing,89903,89936,33,20.926418297570226,26.43882907514724
hunching,89937,89994,57,8.671445986306747,35.99673109615075
grooming,89995,90046,51,7.550326845084874,34.64954063627153
hunching,90047,90086,39,12.449975659714955,35.48232142621076
walking,90087,90157,70,156.29412437005806,31.46698617238545
hunching,90158,90210,52,22.03433560314759,38.09922477782924
grooming,90211,90243,32,43.83156641067999,33.559605637489696
hunching,90244,90288,44,12.39809116455061,39.67881181262707
grooming,90289,90328,39,17.657492017032265,31.392878481298613
sniffing,90329,90366,37,29.475417050235432,20.763588938706654
hunching,90367,90399,32,17.186429593680085,36.24397933631633
grooming,90400,90458,58,15.76581053568858,32.60270989563118
hunching,90459,90512,53,11.473639011010585,29.108554398038088
sniffing,90513,90651,138,9.657037106898501,23.46316984474878
hunching,90652,90685,33,27.515482052934672,29.498760037284974
right_turning,90686,90698,12,78.75311874991762,27.059091947793657
sniffing,90699,90721,22,47.71644141581738,34.47755806459057
left_turning,90722,90739,17,29.823544099527105,24.85007965740889
sniffing,90740,90765,25,22.72177422637734,29.890942330837277
stepping,90766,90803,37,75.60258027723675,29.023051822716596
running,90804,90830,26,279.42033770313355,26.911716566310687
sniffing,90831,90866,35,46.45751628485639,28.746400637381125
walking,90867,90904,37,160.74023780580984,21.713298161805522
left_turning,90905,90923,18,60.468186952100616,21.089683092993365
stepping,90924,90971,47,49.42346946637627,20.56574972209263
sniffing,90972,90997,25,22.01339327120233,21.034388923059964
hunching,90998,91014,16,17.316099035570556,32.1836119913718
sniffing,91015,91036,21,32.09204201661759,25.3965904977631
stepping,91037,91083,46,92.80886530538598,22.176755451314083
trotting,91084,91126,42,200.38888819991524,25.033178487441123
walking,91127,91172,45,137.43304333538882,24.96491820800596
stepping,91173,91227,54,72.56487777178121,25.18031752816298
left_turning,91228,91283,55,179.2336626017296,24.51266753059841
stepping,91284,91330,46,75.67308715022769,19.65688869023056
sniffing,91331,91373,42,24.118838177498827,26.445677190014575
right_turning,91374,91391,17,61.44710567258658,22.13212753768451
walking,91392,91438,46,91.69616545252033,21.185103922302865
sniffing,91439,91496,57,15.153639003113543,22.676925128044473
walking,91497,91522,25,149.27547805048613,22.608830221533008
left_turning,91523,91524,1,88.75085387773191,28.299864646002952
sniffing,91525,91537,12,41.42491398620611,34.40146804798963
grooming,91538,91566,28,18.58451459606672,35.23009647583835
walking,91567,91662,95,107.72089463679936,21.56958933804549
sniffing,91663,91682,19,24.868268090180685,25.429217782994332
climbing,91683,91700,17,31.481563462118842,41.49747242860202
sniffing,91701,91712,11,43.09373832832989,30.992407199838066
right_turning,91713,91718,5,98.99149966743249,23.699956271023215
stepping,91719,91736,17,55.94285020572275,22.851809352945182
sniffing,91737,91783,46,24.020852560975232,23.677410143147174
walking,91784,91865,81,107.96006624959897,21.80710914698129
sniffing,91866,91908,42,54.8284415482404,27.00210121905013
left_turning,91909,91982,73,113.86120105892682,19.337084405583216
sniffing,91983,92003,20,30.041679899615414,26.796292726755194
rising,92004,92017,13,32.4447270349981,28.036786273891245
right_turning,92018,92034,16,57.674364377352546,20.97827062812749
stepping,92035,92083,48,69.52244495260702,22.918906531294304
walking,92084,92117,33,185.17378730543388,25.253749596680475
stepping,92118,92131,13,85.0762712676335,35.696784503660986
walking,92132,92167,35,122.75060227287771,22.650632872678027
sniffing,92168,92180,12,43.48149284918372,38.03712985216196
climbing,92181,92200,19,41.98869930164689,53.02383587796813
left_turning,92201,92207,6,127.30638070820272,31.596983791739188
sniffing,92208,92239,31,58.80034653476454,24.460737989788573
rising,92240,92248,8,43.48096769983437,37.341812799459184
climbing,92249,92279,30,45.02493898522806,59.2417664832734
sniffing,92280,92315,35,29.100267183343995,23.30038928989849
rising,92316,92325,9,29.83827873104392,34.521071593577396
climbing,92326,92346,20,56.294693392556326,56.047117318375555
rising,92347,92354,7,114.95614924717863,32.23753257084935
running,92355,92357,2,218.40388633194206,27.812343495389445
trotting,92358,92389,31,243.80497983608436,25.683515595644423
walking,92390,92402,12,99.74041880610714,23.642893259417853
rising,92403,92480,77,17.67877910025122,37.622678878707625
sniffing,92481,92545,64,39.253181077630536,24.99008450686184
rearing,92546,92570,24,32.77183412166627,42.37640205685002
left_turning,92571,92588,17,139.55057104542615,29.85238960059735
rearing,92589,92618,29,50.49917590046395,42.01636763804834
walking,92619,92649,30,87.87557129864588,31.315936950850546
climbing,92650,92668,18,30.650994035542926,42.02747962211536
grooming,92669,92675,6,41.42395059500266,30.599091919864694
sniffing,92676,92691,15,32.33648270423882,21.390448312759858
hunching,92692,92731,39,20.059995546148492,34.890280207712976
sniffing,92732,92845,113,42.69027940054276,27.279653151631976
trotting,92846,92876,30,206.26856695074744,29.3953711113889
stepping,92877,92916,39,111.18530567940888,22.025270696982382
hunching,92917,92945,28,22.702170284563543,43.31293009780423
walking,92946,92954,8,66.18076138688723,30.258784720245608
sniffing,92955,92997,42,38.10945757987066,21.903486603893462
right_turning,92998,93008,10,52.58455951338678,24.097044015067862
sniffing,93009,93122,113,20.29702205168033,25.133265586942624
grooming,93123,93156,33,17.233769310720458,28.245163964078234
climbing,93157,93176,19,58.01949300313771,50.5248210994557
right_turning,93177,93185,8,139.12838471560545,37.36780299416459
walking,93186,93235,49,164.40921401583043,22.634490683206486
left_turning,93236,93276,40,77.20937848207892,20.04149039945963
sniffing,93277,93348,71,24.528093850720165,19.495178800367803
hunching,93349,93359,10,47.666363678475484,39.148708829273325
climbing,93360,93386,26,44.0499350591529,48.64471480359784
rising,93387,93391,4,32.02418262246772,31.025042127032215
sniffing,93392,93434,42,30.25472470925924,20.15916441415678
walking,93435,93489,54,126.99316500199855,26.958474452295015
left_turning,93490,93536,46,89.01601545095393,24.082214043848207
stepping,93537,93585,48,69.06052968533385,22.472548172948226
hunching,93586,93615,29,25.534095536830968,39.564291929407304
climbing,93616,93634,18,46.291584894692576,48.04868664095873
sniffing,93635,93665,30,41.32842427408087,26.444004666910935
walking,93666,93748,82,134.19574803328217,25.087700300680375
sniffing,93749,93766,17,32.000897094006355,25.802081132341286
right_turning,93767,93789,22,98.05188245546242,24.642172769768322
walking,93790,93882,92,145.55479612844138,23.867924853999764
sniffing,93883,93901,18,45.212309426283866,30.01684370752098
hunching,93902,93931,29,9.434969204177548,36.65668798121526
left_turning,93932,93979,47,47.960637122668764,23.72211222104904
walking,93980,94024,44,102.75739171718794,22.46236294534293
stepping,94025,94058,33,46.346186947098616,20.55148576969809
sniffing,94059,94080,21,22.77401236217471,25.03741952130207
hunching,94081,94107,26,34.567817579420584,45.07537146712671
climbing,94108,94192,84,40.60961198909042,57.7977186963312
sniffing,94193,94234,41,18.68745627430543,26.376900848277977
rising,94235,94240,5,19.02176156614179,36.99870138005172
climbing,94241,94267,26,34.98250502114036,54.27161711811958
sniffing,94268,94289,21,31.214359526746776,25.537133656689026
rising,94290,94306,16,48.1557350758914,40.56992671423616
climbing,94307,94398,91,30.942326662936875,52.775595346878795
right_turning,94399,94407,8,196.9425391624012,33.153673144596674
running,94408,94435,27,332.1249056720268,29.398890147456907
stepping,94436,94480,44,54.93625228169829,23.150533762556076
hunching,94481,94519,38,25.005406273981528,40.84008152426281
walking,94520,94544,24,63.27150864261931,33.67121404917694
hunching,94545,94637,92,9.723666095009852,36.462157570271216
sniffing,94638,94682,44,24.83473546154635,32.62541748026472
stepping,94683,94701,18,65.67587031687444,20.13931818168861
sniffing,94702,94751,49,29.5246164121196,24.279465165069386
rising,94752,94790,38,20.78709543769081,39.47647989453406
sniffing,94791,94975,184,35.83304932298495,27.24484861079068
hunching,94976,95005,29,39.98663623558796,44.36081844015824
sniffing,95006,95022,16,58.0848156802553,25.508605495102653
walking,95023,95067,44,153.64801173085445,25.000043262897673
hunching,95068,95201,133,12.730096236419154,38.89250230191098
grooming,95202,95210,8,87.67408641901075,35.38689716853002
walking,95211,95227,16,139.19164962480534,30.12016744166769
sniffing,95228,95288,60,49.51908061238242,33.691829830406554
hunching,95289,95317,28,22.26202959305397,40.352750014929775
climbing,95318,95333,15,29.229207809598027,48.40924297940758
sniffing,95334,95364,30,25.158073170725128,27.5235193269447
rising,95365,95369,4,39.91607138357061,38.81774847852432
climbing,95370,95403,33,30.527218020732736,57.20996623377655
right_turning,95404,95418,14,81.24292078166506,34.07677067927098
sniffing,95419,95434,15,46.406839278187675,25.57850022198497
walking,95435,95440,5,40.15665069490419,34.03026436642498
sniffing,95441,95486,45,51.57140899765298,31.361037654201276
hunching,95487,95494,7,37.24657344034614,37.92131706978141
climbing,95495,95541,46,27.25244988579747,61.89716652561847
right_turning,95542,95542,0,66.8370788523779,40.528416908662464
grooming,95543,95548,5,62.80838140345394,34.764517074364406
sniffing,95549,95579,30,33.62412919897524,25.264685771202174
rising,95580,95598,18,28.383660086577713,33.47857806812326
climbing,95599,95625,26,32.208568766068844,53.52257563468579
sniffing,95626,95809,183,12.208024265823283,23.337576637528404
hunching,95810,95821,11,20.860770045409957,37.004429808215676
climbing,95822,95862,40,39.07406936961872,48.45290174618372
right_turning,95863,95875,12,131.52263609473354,31.242543293516125
trotting,95876,95899,23,246.05362695067072,24.821342320608853
stepping,95900,95922,22,93.50799354327222,24.263590531647388
sniffing,95923,95971,48,61.357668382114994,36.052758648033695
hunching,95972,96118,146,12.149875388570846,38.93721882124673
walking,96119,96143,24,95.55312672815877,26.367949210116052
hunching,96144,96193,49,13.481789324409194,39.0337035103286
climbing,96194,96227,33,11.158369551109137,38.95760759714071
hunching,96228,96277,49,34.89583125139121,32.550829475676785
walking,96278,96310,32,94.66288925437118,31.961786201377333
rearing,96311,96394,83,20.127149673821247,42.39904868296756
hunching,96395,96421,26,18.407293400619533,35.42488759002532
rearing,96422,96446,24,20.50382340746306,38.512434787203205
sniffing,96447,96541,94,41.476383177652494,34.677571473491035
walking,96542,96562,20,124.92627112192544,33.11066287953422
climbing,96563,96609,46,20.975073496343466,46.14162995529127
grooming,96610,96638,28,28.206038034905152,34.483430186104655
rising,96639,96662,23,61.216623665112614,32.90205316296946
climbing,96663,96750,87,17.9639208985391,49.25809610078124
rearing,96751,96754,3,42.257451358464934,40.01024681159264
climbing,96755,96756,1,97.00311540412679,32.28259429976858
right_turning,96757,96761,4,134.5178332021889,27.961947486270578
sniffing,96762,96823,61,52.06496276161989,36.99957447432475
walking,96824,96866,42,179.3053556360453,24.901776987378128
hunching,96867,96899,32,29.235781018884612,40.652094734363075
walking,96900,96908,8,84.93180671190211,26.638926444891737
sniffing,96909,96974,65,33.74731023568753,22.60872371925751
hunching,96975,97039,64,15.768500748051064,34.264897408106
stepping,97040,97070,30,64.41746992122117,24.460796901027148
walking,97071,97172,101,111.05672401259274,21.6111100434098
sniffing,97173,97197,24,19.376785741359406,20.280330730357946
hunching,97198,97220,22,14.97761377956962,37.04380780700837
climbing,97221,97260,39,24.555527484347117,40.77225525667105
grooming,97261,97268,7,56.693576269824256,31.343951639755268
right_turning,97269,97277,8,80.87091239168305,21.853262463509868
sniffing,97278,97353,75,23.966383032307956,21.108582217880702
trotting,97354,97403,49,197.9016962387608,23.425726252771437
sniffing,97404,97418,14,16.76686899528627,18.95153224271748
rising,97419,97431,12,22.630202218895953,33.11389942851422
climbing,97432,97470,38,36.33427151544192,52.12027643605722
sniffing,97471,97507,36,31.64071403717264,22.39094971337517
rising,97508,97513,5,39.06797415722311,33.28012350348633
climbing,97514,97551,37,49.092359500987605,44.52210898318706
walking,97552,97558,6,63.904402579644376,26.850527013801365
sniffing,97559,97588,29,30.395392604421293,22.860362505398705
trotting,97589,97648,59,197.21425822501544,24.972377889266102
walking,97649,97690,41,107.97803728074712,24.59082956363517
stepping,97691,97732,41,81.23154025445069,21.179817411827404
sniffing,97733,97857,124,18.782490791494855,19.52076920915529
grooming,97858,97942,84,13.645254113473811,29.011303858580124
sniffing,97943,98155,212,24.27048357907218,23.096645599899848
hunching,98156,98188,32,16.45886138616085,32.89244757676519
climbing,98189,98216,27,39.219739171806296,57.15101584743305
rearing,98217,98270,53,29.923879974865056,41.82239705957386
right_turning,98271,98278,7,154.53545269617436,35.86085566990984
walking,98279,98300,21,97.06223138132027,35.121176626873584
rearing,98301,98360,59,9.885234202633011,42.994109566431575
rising,98361,98370,9,50.667431331987885,39.814155551138306
walking,98371,98394,23,123.16835364359194,31.0724725857546
climbing,98395,98424,29,25.59573280275197,47.031877985169295
rising,98425,98443,18,30.24916133477344,35.695532604890545
walking,98444,98458,14,134.94576352812842,25.003036522256295
hunching,98459,98478,19,25.951076259121425,41.588942240179186
walking,98479,98490,11,125.28180919808936,31.60554562755848
sniffing,98491,98545,54,45.97227624154894,29.924534031027562
hunching,98546,98571,25,74.33043153404715,36.07906388219542
trotting,98572,98585,13,240.5671845934364,29.827950756501245
sniffing,98586,98655,69,55.06693668536176,34.876297551486594
walking,98656,98679,23,113.84673855814447,32.27578348669315
sniffing,98680,98729,49,29.736126532823445,33.54045593078761
right_turning,98730,98739,9,88.98621643232407,33.651562263007136
trotting,98740,98750,10,153.87161679223607,26.332828243285864
left_turning,98751,98762,11,50.1316580598647,22.292517354069656
rearing,98763,98796,33,25.854518325632142,46.34514534702779
sniffing,98797,98853,56,77.53393219724418,26.342685402449405
grooming,98854,98866,12,58.708914585516176,31.523601496351905
sniffing,98867,98892,25,52.48029699300199,35.6077186204718
stepping,98893,98912,19,93.18069174782288,25.8010491564853
sniffing,98913,98948,35,42.51712342302103,32.484516282457264
hunching,98949,98976,27,30.036254277622486,37.04042588388548
left_turning,98977,98984,7,124.83962911842752,29.265354092180395
walking,98985,99026,41,156.06306727702577,30.08060465950042
sniffing,99027,99059,32,77.4160287590618,37.70745279539436
walking,99060,99098,38,121.4166486042972,23.46846190891094
sniffing,99099,99110,11,45.745703927119564,35.0972681989769
walking,99111,99122,11,163.0360553574407,34.38616730168955
hunching,99123,99154,31,29.38990381912004,42.46324404837664
walking,99155,99192,37,135.65678359010434,30.76836279438744
sniffing,99193,99235,42,50.345101211413635,28.150136383932683
rising,99236,99241,5,41.092416768989814,35.71379138149576
climbing,99242,99274,32,30.19597112254902,58.06794858856705
right_turning,99275,99288,13,99.07773002611528,30.823890885422816
walking,99289,99302,13,128.4799048405643,26.000205362239967
sniffing,99303,99325,22,70.92311844668936,35.577168015311734
hunching,99326,99334,8,55.80168585459396,40.01694329412454
climbing,99335,99348,13,47.407703865798666,46.7828303064158
walking,99349,99385,36,163.13056303681435,29.36720876967805
hunching,99386,99431,45,37.48860723559115,37.30701370326174
rearing,99432,99442,10,31.68818132537791,43.44099430652795
walking,99443,99461,18,77.55839570729502,31.449545445416685
climbing,99462,99510,48,24.68070772268456,51.48357585371492
rearing,99511,99549,38,49.20143514691893,37.51438576942017
grooming,99550,99570,20,43.659149671562446,35.07659322404085
left_turning,99571,99584,13,253.04191619759467,31.98411228686145
trotting,99585,99604,19,226.72857639140915,31.74456176413539
hunching,99605,99636,31,25.512724324805095,43.95107455648167
trotting,99637,99659,22,215.69477659029116,33.00381494817798
sniffing,99660,99731,71,61.42002842910347,29.24514959949836
hunching,99732,99762,30,13.286781068805844,39.5302791130109
grooming,99763,99904,141,26.06554859771394,34.2287018497394
walking,99905,99923,18,135.01067063276415,29.84512944410527
hunching,99924,99991,67,27.587498940370008,43.165593072549015
left_turning,99992,100002,10,144.79931448446638,33.07984863651232
trotting,100003,100040,37,231.12728936681742,24.875033579671605
sniffing,100041,100058,17,32.80309491112759,27.034682132574996
climbing,100059,100096,37,24.136813749902707,41.89317965707929
right_turning,100097,100109,12,165.64660844712714,31.540694727800346
trotting,100110,100129,19,184.67883635692425,24.328678054441706
sniffing,100130,100136,6,45.57435384608832,26.58341460260459
rising,100137,100161,24,28.02489971030599,38.2512968317701
climbing,100162,100188,26,32.73576739870724,43.42794725367531
left_turning,100189,100197,8,161.11952652374185,30.198311891304197
walking,100198,100214,16,221.8018700336716,28.41812323513925
hunching,100215,100247,32,42.00832781527228,34.207424248286145
rearing,100248,100288,40,58.92455853613584,32.89810002285077
trotting,100289,100321,32,238.56589502334884,26.3004140374805
walking,100322,100344,22,107.12971495790792,32.07582339837848
sniffing,100345,100427,82,17.84262151280058,21.01297902010731
hunching,100428,100452,24,22.94869845134971,34.90722811769328
climbing,100453,100486,33,37.35145009150867,42.702179299799596
right_turning,100487,100491,4,190.14319343266726,26.042137740479365
trotting,100492,100499,7,229.77818771402835,28.771529722816297
hunching,100500,100525,25,36.17268369614283,33.154212887773
right_turning,100526,100535,9,200.3119112311711,27.388758448685756
walking,100536,100556,20,168.3250431986086,28.81769757202283
hunching,100557,100570,13,41.16461095311413,34.014121702499565
walking,100571,100580,9,187.741316689603,29.662384487126822
sniffing,100581,100624,43,68.71137278403266,29.189779860968745
climbing,100625,100668,43,44.92636239984574,42.167016184219946
hunching,100669,100712,43,33.94228894422263,33.78129440138085
grooming,100713,100749,36,34.14339175667115,30.267392496785853
trotting,100750,100779,29,209.51299442800885,29.135629140604433
sniffing,100780,100792,12,48.991585380121435,38.446009402242346
hunching,100793,100812,19,20.72567465375732,35.929787164349435
sniffing,100813,100864,51,14.814527577190123,28.80902114795508
hunching,100865,100870,5,14.966881800281024,37.62206540015452
climbing,100871,100906,35,34.10324209288655,47.465358490741444
grooming,100907,100927,20,76.60121310589501,30.072032693946827
sniffing,100928,100952,24,69.30343166834034,35.5465087392202
walking,100953,100992,39,154.87282258097207,30.818316782335707
stepping,100993,101007,14,72.7887453631681,30.016794405612753
hunching,101008,101031,23,20.099531030546775,33.788530472654294
sniffing,101032,101069,37,39.50385540761159,24.76744016446278
walking,101070,101151,81,112.94883857968587,20.720345692484898
sniffing,101152,101186,34,21.536797617011807,21.873248209854207
rising,101187,101229,42,73.74928666743524,32.66900545544206
sniffing,101230,101241,11,43.86045003489904,32.319591589520094
climbing,101242,101268,26,23.680292934961294,41.048880334347935
right_turning,101269,101275,6,165.9884039369294,31.713046696125662
running,101276,101290,14,294.6980612131587,25.30414290401398
rising,101291,101326,35,69.13373920604667,32.8185778321249
climbing,101327,101355,28,45.4281493701843,37.48007414690325
left_turning,101356,101361,5,197.6414682928141,31.860028400859395
trotting,101362,101379,17,242.60344352859815,31.754928421706918
hunching,101380,101390,10,54.815082438748576,34.55902945835702
climbing,101391,101392,1,83.04430962635195,73.65831841025295
jumping,101393,101396,3,83.04430962635195,79.27186648852286
climbing,101397,101422,25,43.20520157844779,41.85534002952518
jumping,101423,101426,3,81.58718774239586,98.64750698222974
climbing,101427,101435,8,85.89410268427152,42.6623735099389
grooming,101436,101450,14,98.79730371321186,36.17058400925482
rising,101451,101478,27,79.35820001025265,32.73432745409266
jumping,101479,101482,3,121.32208612004708,100.64281331299692
rising,101483,101484,1,121.03260715412642,62.804756141065646
walking,101485,101496,11,62.61685079677062,32.44405976920398
right_turning,101497,101507,10,89.09667604704613,24.60635780962888
running,101508,101537,29,298.7290796858225,24.868239512909156
sniffing,101538,101560,22,57.96856088074683,33.75000964544705
hunching,101561,101692,131,11.45055697690251,33.830394001970696
sniffing,101693,101716,23,38.27946842160622,29.542657738888305
hunching,101717,101811,94,34.42626485665277,32.89989829179367
climbing,101812,101833,21,39.54691225337399,49.19396299535622
sniffing,101834,101855,21,48.31009577369771,26.849751631300276
right_turning,101856,101862,6,209.64425470491952,28.444525817138565
running,101863,101877,14,277.36932515275345,29.761303286553648
sniffing,101878,101915,37,68.83893361811938,31.764132318960918
climbing,101916,102001,85,12.417619870077102,39.73157618432783
grooming,102002,102028,26,49.08660016951434,32.956442711921866
climbing,102029,102061,32,24.16156020965429,45.063470986694476
walking,102062,102085,23,146.47680357280055,31.982990221473102
rising,102086,102091,5,81.67279733800724,35.3015457864965
climbing,102092,102119,27,34.684797481417895,46.18988619993668
grooming,102120,102141,21,29.0604533539498,27.535342835162737
walking,102142,102173,31,93.96033135157876,26.480219186588222
sniffing,102174,102204,30,44.12929215029653,31.147055212589077
hunching,102205,102249,44,23.081641242467967,31.524792088802084
sniffing,102250,102303,53,41.2000095358275,23.224773926671762
right_turning,102304,102317,13,104.71622254238187,26.828962076013728
trotting,102318,102361,43,205.329582724292,23.570391075743192
sniffing,102362,102421,59,18.12981284021041,23.05702020805682
walking,102422,102514,92,112.34325808190822,22.354216175127096
stepping,102515,102542,27,81.00297161020896,20.774241236470044
sniffing,102543,102583,40,31.33909523357005,19.9947061541789
hunching,102584,102602,18,31.8012939539831,34.512074746452186
grooming,102603,102622,19,42.13994441298875,27.550737549340973
walking,102623,102665,42,126.120939791367,20.23505868766176
stepping,102666,102723,57,77.95190709326803,20.827436949846312
left_turning,102724,102772,48,109.97040188296516,24.548874807021967
walking,102773,102883,110,142.5059093422933,25.173997289933034
stepping,102884,102985,101,80.86011955235695,24.351768366054255
walking,102986,103021,35,104.24208858010324,22.736154973738522
stepping,103022,103058,36,81.53719665894393,22.805616431759503
hunching,103059,103085,26,24.335672753309566,38.76680196181167
climbing,103086,103198,112,15.133737249853164,39.70153483758039
sniffing,103199,103206,7,66.16118600090542,27.075065096891972
stepping,103207,103222,15,81.40973691444037,21.08442424183515
sniffing,103223,103471,248,17.498660575200084,22.75542953121867
trotting,103472,103517,45,215.17157030238496,23.42448178925574
stepping,103518,103555,37,68.29749480590257,20.021309395166096
sniffing,103556,103729,173,43.149912277362475,21.990602250969506
stepping,103730,103786,56,67.67891023518159,23.48638526871621
sniffing,103787,103873,86,28.519382689307523,23.509720049262423
walking,103874,103885,11,134.06069809145927,20.175432701067688
sniffing,103886,103939,53,34.46132689331343,27.838143191490513
stepping,103940,103978,38,68.70611536674748,22.833807596870958
walking,103979,103992,13,127.84832605940572,24.342642801341164
sniffing,103993,103999,6,52.585619609320666,33.08463866255316
grooming,104000,104144,144,22.718807079276583,30.854390817816892
sniffing,104145,104217,72,41.5768988931311,24.43919926285572
hunching,104218,104242,24,31.776734588146052,36.972932913887675
climbing,104243,104293,50,15.988439094269367,41.8890539772822
hunching,104294,104307,13,32.31423756339296,38.255137371189456
climbing,104308,104333,25,15.119171331139638,40.01726682545306
hunching,104334,104347,13,21.758140993911983,37.32896255078095
climbing,104348,104368,20,11.89757214739225,36.34505913273685
rearing,104369,104506,137,16.88364980262206,38.093581552766956
hunching,104507,104640,133,29.17342282644657,38.74330686658077
sniffing,104641,104681,40,49.77008322469423,30.365828193126628
rising,104682,104687,5,38.769650372708455,36.721224648919666
climbing,104688,104721,33,32.36200352730572,55.97761499446455
sniffing,104722,104788,66,17.46348820232958,24.16292064896873
rearing,104789,104806,17,67.76430038889066,32.10742381347562
walking,104807,104889,82,169.4302839214288,26.60629947590284
stepping,104890,104926,36,77.83313772353594,24.533271004606895
walking,104927,104995,68,127.96665562764719,22.376164803330145
sniffing,104996,105034,38,33.29822506519245,22.45468789656863
walking,105035,105067,32,129.14538437659516,19.97408603775999
sniffing,105068,105124,56,27.922459772139188,21.97194828369874
hunching,105125,105135,10,28.492175122483555,32.50512795155608
sniffing,105136,105192,56,26.478503827441052,22.89715013378436
walking,105193,105233,40,113.27942225120738,21.186225626312208
sniffing,105234,105287,53,25.154745397942865,19.718835245416532
walking,105288,105315,27,121.61466380044666,25.743104029188178
stepping,105316,105372,56,72.70059390221542,23.222530655401073
rising,105373,105386,13,23.809425549810836,35.53673019056472
climbing,105387,105437,50,27.71330480151636,54.20113662487092
sniffing,105438,105482,44,42.01483057386387,30.324128894124023
running,105483,105484,1,250.07516704290376,25.215832363840146
trotting,105485,105510,25,257.45547370232356,25.97500669224315
walking,105511,105550,39,134.12719834128802,20.97587454786642
sniffing,105551,105568,17,66.3066549470972,25.62817800334186
stepping,105569,105650,81,73.84715263307916,21.97734504647662
rising,105651,105660,9,37.53589940855436,36.62074565583519
climbing,105661,105703,42,25.450112036792103,61.85825703978792
grooming,105704,105705,1,79.60674639005225,34.39932377606761
sniffing,105706,105735,29,34.728192288990016,22.998108990187077
climbing,105736,105817,81,35.087861267261104,49.016031059570736
rearing,105818,105835,17,53.11216930268275,34.72085878960472
hunching,105836,105946,110,9.886575524468673,29.891930478246614
grooming,105947,106045,98,19.841508705846753,29.299271466932783
walking,106046,106150,104,127.54537666737698,30.57120221461559
rising,106151,106198,47,27.196609034505986,34.53255129713023
sniffing,106199,106234,35,22.006982760955495,21.544687065830598
rising,106235,106287,52,12.562680184385382,33.74811122152605
hunching,106288,106315,27,13.344472189282367,40.864037396576045
climbing,106316,106351,35,40.2302340124439,50.17543385296918
hunching,106352,106400,48,29.600728358899126,38.42481454550303
rising,106401,106440,39,38.68372200141875,38.46559564284824
sniffing,106441,106485,44,40.45783902589465,30.105094853945655
rearing,106486,106497,11,20.356461269368484,39.475513138228024
climbing,106498,106515,17,36.535209086566766,50.80792740070504
grooming,106516,106540,24,51.931814170215496,33.92031011484257
walking,106541,106622,81,133.38648937373682,28.829658938495836
sniffing,106623,106716,93,39.12100247758621,25.997353791135843
hunching,106717,106775,58,7.6069169535058485,36.581016136221294
sniffing,106776,106857,81,38.519826664457504,27.81782777436185
hunching,106858,106902,44,14.77617511697651,36.33368880553331
sniffing,106903,106927,24,38.14506212005971,22.906921918003377
rising,106928,106937,9,37.2090395779298,38.873821299264385
climbing,106938,106981,43,25.94786677286436,61.45283113458351
rearing,106982,106989,7,53.12702448653267,37.41616566049696
grooming,106990,107032,42,22.945535431714344,35.408743795500776
sniffing,107033,107082,49,21.396981842916663,27.122795748554932
left_turning,107083,107142,59,162.23429453111,26.20450542572577
walking,107143,107179,36,119.18011300995772,23.169808548510407
sniffing,107180,107192,12,28.827147096306796,33.09183674562611
climbing,107193,107263,70,31.976337037571604,48.44543028590588
left_turning,107264,107283,19,144.45115392946454,28.770212847656587
rising,107284,107339,55,21.765639004883358,36.39568044964246
climbing,107340,107385,45,46.6586319891293,44.70013118301929
right_turning,107386,107391,5,146.65209984879604,32.1405752697443
trotting,107392,107403,11,212.79636130625488,28.18126642430232
sniffing,107404,107439,35,34.21074689077387,37.948981281537755
hunching,107440,107481,41,7.402595680330925,39.24948572125216
sniffing,107482,107522,40,38.20115038621162,30.03241890618053
hunching,107523,107558,35,38.95390654039512,39.45850472321039
grooming,107559,107580,21,67.28647396083011,35.126817367298564
trotting,107581,107606,25,182.94208507423505,25.95487025290263
sniffing,107607,107635,28,39.17500891797181,25.556222063490523
climbing,107636,107660,24,38.23038502346389,45.83539146623135
rising,107661,107689,28,26.76089901581581,28.54049874819899
right_turning,107690,107728,38,56.635935052355784,24.985778255469434
stepping,107729,107759,30,66.83893916921998,21.864305876809247
sniffing,107760,107800,40,52.85964483784141,24.220970510648705
left_turning,107801,107860,59,32.17485697460418,22.025970442901716
sniffing,107861,107889,28,21.95017350529957,22.80463920744434
stepping,107890,107910,20,78.81717681848193,22.215702103884905
sniffing,107911,107961,50,31.292086492721097,29.692135419305313
rearing,107962,107981,19,31.82407671784669,48.49397499559503
sniffing,107982,107991,9,50.9114397641861,32.97161247194267
walking,107992,108000,8,56.85358576481754,23.63295515491105
